1734331080979 0.00342987640760839 0
1734331085817 0.012349678203463554 1
1734331085908 0.003755411831662059 2
1734331085994 0.0052430396899580956 3
1734331086084 0.0049995738081634045 4
1734331086174 0.004125830251723528 5
1734331086261 0.003473522374406457 6
1734331086340 0.0032652043737471104 7
1734331091329 0.003544578328728676 8
1734331091411 0.0034925711806863546 9
1734331091486 0.0033695779275149107 10
1734331091562 0.0032040574587881565 11
1734331096576 0.003272112226113677 12
1734331096661 0.0033142068423330784 13
1734331096748 0.0033654316794127226 14
1734331096831 0.0033351213205605745 15
1734331096911 0.003321385709568858 16
1734331096990 0.0032875235192477703 17
1734331097071 0.003216530429199338 18
1734331097149 0.0032963945996016264 19
1734331097230 0.003333836095407605 20
1734331097314 0.003314670640975237 21
1734331097390 0.003311482723802328 22
1734331097461 0.0032972334884107113 23
1734331097537 0.0033374426420778036 24
1734331097608 0.003336462192237377 25
1734331097686 0.0032968930900096893 26
1734331097766 0.0033074598759412766 27
1734331097843 0.0032475353218615055 28
1734331097917 0.003254071343690157 29
1734331097993 0.0033084640745073557 30
1734331098066 0.003300184616819024 31
1734331098138 0.003257435280829668 32
1734331098218 0.003278722520917654 33
1734331098293 0.0032772801350802183 34
1734331098376 0.0033393087796866894 35
1734331098449 0.003325538244098425 36
1734331098528 0.0032801583874970675 37
1734331098616 0.003290395485237241 38
1734331098697 0.003270036308094859 39
1734331098777 0.003355368273332715 40
1734331098859 0.003257996868342161 41
1734331098941 0.003283914178609848 42
1734331099017 0.003256941679865122 43
1734331099099 0.0032383748330175877 44
1734331099180 0.003298491006717086 45
1734331099256 0.003271103138104081 46
1734331099335 0.0032906096894294024 47
1734331099412 0.0032967638690024614 48
1734331099478 0.0033280905336141586 49
1734331099558 0.0032603959552943707 50
1734331099639 0.0032837705221027136 51
1734331099712 0.003300238400697708 52
1734331099788 0.0032884757965803146 53
1734331099872 0.0033159831073135138 54
1734331099963 0.0032679536379873753 55
1734331100053 0.0033352673053741455 56
1734331100137 0.0033000309485942125 57
1734331100215 0.0032616357784718275 58
1734331100292 0.0033057830296456814 59
1734331100370 0.0033272113651037216 60
1734331100444 0.0031877898145467043 61
1734331105354 0.0032608641777187586 62
1734331105431 0.0032780137844383717 63
1734331105503 0.003337315283715725 64
1734331105577 0.0032986535225063562 65
1734331105654 0.003316836664453149 66
1734331105731 0.003295590402558446 67
1734331105805 0.0032424204982817173 68
1734331105877 0.0033358605578541756 69
1734331105952 0.0033014456275850534 70
1734331106031 0.003261156613007188 71
1734331106107 0.003260697005316615 72
1734331106183 0.0032767867669463158 73
1734331106260 0.003233432536944747 74
1734331106332 0.0033288351260125637 75
1734331106416 0.0033077446278184652 76
1734331106488 0.0032965384889394045 77
1734331106567 0.0033117313869297504 78
1734331106641 0.0032382900826632977 79
1734331106714 0.003299405099824071 80
1734331106790 0.003244043793529272 81
1734331106864 0.003289425279945135 82
1734331106938 0.003200789447873831 83
1734331107019 0.003318422706797719 84
1734331107094 0.0033025036100298166 85
1734331107170 0.003305678954347968 86
1734331107248 0.0032884625252336264 87
1734331107326 0.003298899857327342 88
1734331107403 0.0032765439245849848 89
1734331107484 0.0033249440602958202 90
1734331107563 0.0032729781232774258 91
1734331107646 0.003328216727823019 92
1734331107721 0.0033100424334406853 93
1734331107794 0.003241773461923003 94
1734331107870 0.0033216148149222136 95
1734331107945 0.003282995894551277 96
1734331108022 0.003280542092397809 97
1734331108099 0.0032209125347435474 98
1734331108177 0.003294612979516387 99
1734331108253 0.0032939722295850515 100
1734331108327 0.003287350293248892 101
1734331108402 0.0032495276536792517 102
1734331108479 0.003265218809247017 103
1734331108555 0.003341320902109146 104
1734331108633 0.0032909822184592485 105
1734331108707 0.00328513840213418 106
1734331108788 0.003297880059108138 107
1734331108864 0.003228871850296855 108
1734331108940 0.0032390891574323177 109
1734331109013 0.003249149536713958 110
1734331109112 0.0032867940608412027 111
1734331109187 0.003292658133432269 112
1734331109265 0.003228622954338789 113
1734331109344 0.0032836762256920338 114
1734331109422 0.003289646003395319 115
1734331109498 0.003265286097303033 116
1734331109575 0.0033398489467799664 117
1734331109656 0.003329627914354205 118
1734331109731 0.003269005101174116 119
1734331109806 0.0032719450537115335 120
1734331109879 0.0033200476318597794 121
1734331109955 0.0032381718046963215 122
1734331110030 0.003300852607935667 123
1734331110104 0.003298925468698144 124
1734331110180 0.00326543883420527 125
1734331110255 0.0033226991072297096 126
1734331110331 0.0032681766897439957 127
1734331110405 0.0032928409054875374 128
1734331110484 0.0032326432410627604 129
1734331110556 0.00322359474375844 130
1734331110633 0.0032570448238402605 131
1734331110706 0.003291227389127016 132
1734331110777 0.0032567461021244526 133
1734331110855 0.0032576890662312508 134
1734331110928 0.0033063716255128384 135
1734331111000 0.0032132859341800213 136
1734331111076 0.0032055003102868795 137
1734331111151 0.003287182655185461 138
1734331111226 0.0033180455211549997 139
1734331111312 0.0033888958860188723 140
1734331111395 0.0033466662280261517 141
1734331111483 0.003151832614094019 142
1734331116377 0.003362877294421196 143
1734331116456 0.0032033247407525778 144
1734331116536 0.0032997881062328815 145
1734331116613 0.0033709979616105556 146
1734331116689 0.003230675822123885 147
1734331116765 0.0033649648539721966 148
1734331116841 0.0033404394052922726 149
1734331116916 0.003304567188024521 150
1734331116992 0.003330458188429475 151
1734331117070 0.0033301350194960833 152
1734331117144 0.0033021748531609774 153
1734331117217 0.003245746251195669 154
1734331117297 0.0032780752517282963 155
1734331117377 0.0034069735556840897 156
1734331117454 0.0033697118051350117 157
1734331117531 0.003305420046672225 158
1734331117606 0.003319487674161792 159
1734331117684 0.003281158162280917 160
1734331117757 0.003316042013466358 161
1734331117831 0.003271243302151561 162
1734331117907 0.0032874864991754293 163
1734331117983 0.0033189277164638042 164
1734331118058 0.0032823069486767054 165
1734331118131 0.003288280451670289 166
1734331118205 0.003311353037133813 167
1734331118278 0.0032421285286545753 168
1734331118352 0.0032473127357661724 169
1734331118426 0.003309918101876974 170
1734331118502 0.003269895212724805 171
1734331118568 0.003291941015049815 172
1734331118643 0.003339217510074377 173
1734331118722 0.003269125008955598 174
1734331118798 0.003209119662642479 175
1734331118876 0.003232866059988737 176
1734331118953 0.0032404535450041294 177
1734331119028 0.0033138112630695105 178
1734331119098 0.003239996964111924 179
1734331119171 0.0033279801718890667 180
1734331119251 0.0033408573362976313 181
1734331119322 0.0033307750709354877 182
1734331119401 0.003270757384598255 183
1734331119475 0.0032754307612776756 184
1734331119551 0.0033448701724410057 185
1734331119641 0.003432936267927289 186
1734331119717 0.00331854447722435 187
1734331119788 0.003309147199615836 188
1734331119866 0.0033968009520322084 189
1734331119933 0.0032992097549140453 190
1734331120008 0.003272803034633398 191
1734331120083 0.003299423260614276 192
1734331120158 0.003247997257858515 193
1734331120240 0.003314680652692914 194
1734331120316 0.0032267216593027115 195
1734331120392 0.0032899565994739532 196
1734331120469 0.0032693410757929087 197
1734331120544 0.0032925927080214024 198
1734331120620 0.0032698605209589005 199
1734331120694 0.0032441760413348675 200
1734331120772 0.003311361186206341 201
1734331120846 0.003274587681517005 202
1734331120919 0.003265080042183399 203
1734331120995 0.003322192933410406 204
1734331121071 0.00322352210059762 205
1734331121148 0.0033191891852766275 206
1734331121226 0.0032752640545368195 207
1734331121293 0.003301974618807435 208
1734331121373 0.0032880061771720648 209
1734331121449 0.0032913386821746826 210
1734331121529 0.0032493043690919876 211
1734331121605 0.003298192983493209 212
1734331121682 0.0032942872494459152 213
1734331121756 0.0032941291574388742 214
1734331121825 0.003314772853627801 215
1734331121902 0.003339050803333521 216
1734331121976 0.0032516021747142076 217
1734331122055 0.0032383345533162355 218
1734331122134 0.003259510500356555 219
1734331122210 0.0033079429995268583 220
1734331122284 0.0032919812947511673 221
1734331122357 0.0033265287056565285 222
1734331122431 0.003284684382379055 223
1734331122507 0.0033084885217249393 224
1734331122580 0.003332981141284108 225
1734331122649 0.0032048074062913656 226
1734331122724 0.0032859542407095432 227
1734331122800 0.003341273171827197 228
1734331122874 0.0033017932437360287 229
1734331122954 0.003332440508529544 230
1734331123031 0.0032530382741242647 231
1734331123105 0.0032637445256114006 232
1734331123185 0.003309116931632161 233
1734331123260 0.00330169009976089 234
1734331123332 0.0032215777318924665 235
1734331123410 0.0033274046145379543 236
1734331123481 0.0032263982575386763 237
1734331123557 0.003272172063589096 238
1734331123634 0.0033627694938331842 239
1734331123704 0.003304576501250267 240
1734331123780 0.003359203925356269 241
1734331123857 0.0032945219427347183 242
1734331123933 0.003288396168500185 243
1734331124005 0.003312356537207961 244
1734331124102 0.0033476888202130795 245
1734331124185 0.0032982374541461468 246
1734331124272 0.003276041941717267 247
1734331124355 0.0033193854615092278 248
1734331124455 0.0033484967425465584 249
1734331124544 0.00326917739585042 250
1734331124630 0.0033437202218919992 251
1734331124716 0.0032917179632931948 252
1734331124791 0.0032591873314231634 253
1734331124865 0.0033707902766764164 254
1734331124943 0.0032546629663556814 255
1734331125021 0.0032763006165623665 256
1734331125100 0.0032971668988466263 257
1734331125177 0.003376894863322377 258
1734331125250 0.0033155696000903845 259
1734331125327 0.0032858760096132755 260
1734331125416 0.003288769628852606 261
1734331125497 0.003275306196883321 262
1734331125573 0.003257501870393753 263
1734331125647 0.0033545764163136482 264
1734331125720 0.0033006470184773207 265
1734331125795 0.003297745017334819 266
1734331125867 0.0033009853214025497 267
1734331125946 0.003327207872644067 268
1734331126022 0.003284790553152561 269
1734331126098 0.0033195072319358587 270
1734331126169 0.0032773471903055906 271
1734331126239 0.003290183376520872 272
1734331126316 0.003284816863015294 273
1734331126393 0.003269665176048875 274
1734331126472 0.003228494431823492 275
1734331126546 0.0032730891834944487 276
1734331126619 0.003316557966172695 277
1734331126695 0.003277773270383477 278
1734331126771 0.003284997073933482 279
1734331126858 0.0032441499643027782 280
1734331126937 0.0032804817892611027 281
1734331127010 0.0032663934398442507 282
1734331127086 0.003278349293395877 283
1734331127161 0.003329453058540821 284
1734331127238 0.0033191211987286806 285
1734331127315 0.0033245880622416735 286
1734331127387 0.003344539785757661 287
1734331127460 0.0033100058790296316 288
1734331127534 0.003261322621256113 289
1734331127609 0.003292387118563056 290
1734331127682 0.0032606518361717463 291
1734331127760 0.003278653835877776 292
1734331127835 0.0032652844674885273 293
1734331127909 0.003258761018514633 294
1734331127987 0.0033213936258107424 295
1734331128064 0.0032786133233457804 296
1734331128137 0.0032879675272852182 297
1734331128217 0.0033006418962031603 298
1734331128289 0.0032415420282632113 299
1734331128363 0.003244477789849043 300
1734331128436 0.0033150576055049896 301
1734331128509 0.0032611072529107332 302
1734331128585 0.0032727087382227182 303
1734331128662 0.0033011327031999826 304
1734331128732 0.0033420103136450052 305
1734331128806 0.0033407758455723524 306
1734331128882 0.0032710456289350986 307
1734331128959 0.0032967173028737307 308
1734331129038 0.003309515304863453 309
1734331129113 0.0032555358484387398 310
1734331129187 0.003270185785368085 311
1734331129262 0.0032368004322052 312
1734331129334 0.003343550954014063 313
1734331129407 0.003278187243267894 314
1734331129484 0.003323998535051942 315
1734331129566 0.003309405641630292 316
1734331129639 0.003289448097348213 317
1734331129712 0.0032529355958104134 318
1734331129787 0.0032651445362716913 319
1734331129863 0.00327674369327724 320
1734331129936 0.0033117886632680893 321
1734331130011 0.0032429927960038185 322
1734331130088 0.00325512676499784 323
1734331130161 0.0033307871781289577 324
1734331130230 0.0032985047437250614 325
1734331130302 0.0033269862178713083 326
1734331130376 0.003348061116412282 327
1734331130447 0.0033065276220440865 328
1734331130524 0.00332039431668818 329
1734331130599 0.003339428221806884 330
1734331130687 0.003299109870567918 331
1734331130764 0.003307666862383485 332
1734331130828 0.0032542499247938395 333
1734331130904 0.0032811053097248077 334
1734331130984 0.0033025043085217476 335
1734331131064 0.003290372435003519 336
1734331131137 0.003246464766561985 337
1734331131210 0.0032765755895525217 338
1734331131284 0.0032688460778445005 339
1734331131359 0.0032928420696407557 340
1734331131434 0.0032512014731764793 341
1734331131511 0.003271515015512705 342
1734331131595 0.003354980843141675 343
1734331131671 0.0032576224766671658 344
1734331131753 0.0033124221954494715 345
1734331131834 0.003285383339971304 346
1734331131912 0.0033241035416722298 347
1734331131995 0.003248577704653144 348
1734331132082 0.003278118558228016 349
1734331132159 0.0032670607324689627 350
1734331132234 0.0033065415918827057 351
1734331132313 0.003257645294070244 352
1734331132387 0.0033084540627896786 353
1734331132460 0.003255832940340042 354
1734331132538 0.0032758235465735197 355
1734331132615 0.003275264287367463 356
1734331132690 0.0032814987935125828 357
1734331132770 0.0033511053770780563 358
1734331132851 0.003322429023683071 359
1734331132958 0.003251422196626663 360
1734331133061 0.00326387956738472 361
1734331133153 0.0032930816523730755 362
1734331133244 0.0032458787318319082 363
1734331133332 0.0033180220052599907 364
1734331133418 0.0033331855665892363 365
1734331133502 0.003311578184366226 366
1734331133593 0.003319521900266409 367
1734331133676 0.0032569391187280416 368
1734331133764 0.003294743364676833 369
1734331133845 0.0032880145590752363 370
1734331133926 0.003285031532868743 371
1734331134008 0.003276087809354067 372
1734331134087 0.0033531158696860075 373
1734331134162 0.0032429485581815243 374
1734331134238 0.0032614704687148333 375
1734331134307 0.0032937529031187296 376
1734331134380 0.003318642033264041 377
1734331134455 0.00328050390817225 378
1734331134529 0.003261665580794215 379
1734331134608 0.003300988581031561 380
1734331134702 0.0033168247900903225 381
1734331134793 0.0033116985578089952 382
1734331134871 0.0033100759610533714 383
1734331134953 0.0032452449668198824 384
1734331135041 0.0032661198638379574 385
1734331135119 0.0032691576052457094 386
1734331135198 0.0032984900753945112 387
1734331135276 0.003262619487941265 388
1734331135349 0.0032865710090845823 389
1734331135423 0.0032660772558301687 390
1734331135499 0.003267753403633833 391
1734331135572 0.003294220892712474 392
1734331135647 0.003262727987021208 393
1734331135728 0.0033064803574234247 394
1734331135803 0.003331189276650548 395
1734331135878 0.0032606276217848063 396
1734331135947 0.00325094535946846 397
1734331136026 0.0032879493664950132 398
1734331136100 0.003289723303169012 399
1734331136173 0.0032833886798471212 400
1734331136249 0.003280175384134054 401
1734331136324 0.0032833858858793974 402
1734331136400 0.003278049174696207 403
1734331136493 0.003245709463953972 404
1734331136569 0.003262850921601057 405
1734331136646 0.003280161414295435 406
1734331136722 0.0032733462285250425 407
1734331136806 0.003287343541160226 408
1734331136882 0.0032364593353122473 409
1734331136959 0.003328323131427169 410
1734331137037 0.003319463925436139 411
1734331137112 0.003260376863181591 412
1734331137185 0.0032854825258255005 413
1734331137261 0.0032615228556096554 414
1734331137337 0.003278602845966816 415
1734331137412 0.003248656401410699 416
1734331137488 0.003255631774663925 417
1734331137564 0.0033098612911999226 418
1734331137638 0.0032029487192630768 419
1734331137721 0.0033223938662558794 420
1734331137797 0.003263777121901512 421
1734331137878 0.00324091874063015 422
1734331137952 0.003370712511241436 423
1734331138028 0.003298065857961774 424
1734331138106 0.003332821885123849 425
1734331138181 0.003329317783936858 426
1734331138256 0.0033453202340751886 427
1734331138331 0.0032702197786420584 428
1734331138405 0.0032848522532731295 429
1734331138479 0.0033314544707536697 430
1734331138554 0.003322283271700144 431
1734331138629 0.0032971263863146305 432
1734331138707 0.003311291802674532 433
1734331138782 0.003233144758269191 434
1734331138862 0.0032669121865183115 435
1734331138939 0.0032708134967833757 436
1734331139007 0.003313134191557765 437
1734331139090 0.003330481704324484 438
1734331139163 0.0032975804060697556 439
1734331139239 0.0032531574834138155 440
1734331139311 0.003318811533972621 441
1734331139388 0.0032755036372691393 442
1734331139460 0.003299403004348278 443
1734331139530 0.0032318835146725178 444
1734331139601 0.0032808587420731783 445
1734331139675 0.0032726414501667023 446
1734331139749 0.003278512740507722 447
1734331139825 0.00331691512838006 448
1734331139904 0.0032343908678740263 449
1734331139980 0.003299885895103216 450
1734331140056 0.0032949980814009905 451
1734331140125 0.0032857931219041348 452
1734331140200 0.0032803460489958525 453
1734331140278 0.0033056384418159723 454
1734331140353 0.0032588255126029253 455
1734331140429 0.003271356923505664 456
1734331140510 0.0032875218894332647 457
1734331140590 0.0032701611053198576 458
1734331140668 0.003272106871008873 459
1734331140741 0.0032666129991412163 460
1734331140817 0.0032599330879747868 461
1734331140896 0.0033136860001832247 462
1734331140971 0.0033451830968260765 463
1734331141046 0.0033080014400184155 464
1734331141123 0.0032679252326488495 465
1734331141196 0.003356469562277198 466
1734331141272 0.003275404218584299 467
1734331141348 0.00322689744643867 468
1734331141422 0.00330028822645545 469
1734331141495 0.0032412614673376083 470
1734331141568 0.0032671138178557158 471
1734331141643 0.0032962928526103497 472
1734331141718 0.0033009129110723734 473
1734331141793 0.0031928224489092827 474
1734331141874 0.0033362621907144785 475
1734331141946 0.003318210830911994 476
1734331142025 0.0033165328204631805 477
1734331142103 0.0033620151225477457 478
1734331142181 0.0033175756689161062 479
1734331142255 0.0032633934170007706 480
1734331142333 0.0032945526763796806 481
1734331142416 0.0033025825396180153 482
1734331142493 0.003289124695584178 483
1734331142566 0.0032883428502827883 484
1734331142640 0.0032611454371362925 485
1734331142710 0.003278721123933792 486
1734331142783 0.0032860294450074434 487
1734331142873 0.0032568261958658695 488
1734331142955 0.00328358868137002 489
1734331143032 0.003320367308333516 490
1734331143105 0.0032255148980766535 491
1734331143183 0.003245783504098654 492
1734331143257 0.0032799243927001953 493
1734331143329 0.003292825073003769 494
1734331143409 0.0033021951094269753 495
1734331143489 0.0033194704446941614 496
1734331143569 0.0032946306746453047 497
1734331143645 0.0032860084902495146 498
1734331143721 0.003298060270026326 499
1734331143796 0.0033038421534001827 500
1734331143873 0.0033470208290964365 501
1734331143948 0.0032438302878290415 502
1734331144030 0.0032834752928465605 503
1734331144104 0.003253678558394313 504
1734331144178 0.0033064994495362043 505
1734331144253 0.0032911766320466995 506
1734331144325 0.0032982192933559418 507
1734331144402 0.0033168101217597723 508
1734331144472 0.003280970500782132 509
1734331144547 0.003321063006296754 510
1734331144624 0.0033236085437238216 511
1734331144703 0.00334625574760139 512
1734331144780 0.003239391138777137 513
1734331144854 0.003270028391852975 514
1734331144931 0.003316009882837534 515
1734331145006 0.0032820336055010557 516
1734331145082 0.003287165891379118 517
1734331145155 0.003316359594464302 518
1734331145231 0.0032753492705523968 519
1734331145308 0.0032444202806800604 520
1734331145389 0.003285112790763378 521
1734331145463 0.003286867868155241 522
1734331145539 0.0032715683337301016 523
1734331145612 0.003284820821136236 524
1734331145686 0.0033028938341885805 525
1734331145761 0.0032916225027292967 526
1734331145830 0.0033133348915725946 527
1734331145908 0.0032465741969645023 528
1734331145982 0.003331664251163602 529
1734331146061 0.0032727024517953396 530
1734331146133 0.003270127344876528 531
1734331146210 0.0032543407287448645 532
1734331146287 0.0032846182584762573 533
1734331146364 0.003269148524850607 534
1734331146440 0.003261488163843751 535
1734331146515 0.0033156401477754116 536
1734331146592 0.003264538710936904 537
1734331146672 0.0032360460609197617 538
1734331146750 0.00327262282371521 539
1734331146826 0.003304560435935855 540
1734331146904 0.0032628891058266163 541
1734331146979 0.0032734430860728025 542
1734331147055 0.0033063602168112993 543
1734331147128 0.003272281726822257 544
1734331147208 0.0033037099055945873 545
1734331147289 0.0032620462588965893 546
1734331147364 0.003268331056460738 547
1734331147439 0.0032701038289815187 548
1734331147515 0.003228498622775078 549
1734331147593 0.003292395966127515 550
1734331147672 0.003272979985922575 551
1734331147753 0.0033008717000484467 552
1734331147829 0.00320857809856534 553
1734331147901 0.003260923083871603 554
1734331147976 0.0032998633105307817 555
1734331148054 0.0033726675901561975 556
1734331148128 0.003293251618742943 557
1734331148203 0.003269175998866558 558
1734331148278 0.003244304098188877 559
1734331148363 0.003305877326056361 560
1734331148441 0.00325842690654099 561
1734331148513 0.0032977256923913956 562
1734331148583 0.003235395299270749 563
1734331148669 0.003230956383049488 564
1734331148743 0.003308007726445794 565
1734331148825 0.003314083209261298 566
1734331148902 0.0032391741406172514 567
1734331148980 0.003317351685836911 568
1734331149055 0.0032724146731197834 569
1734331149128 0.0032799188047647476 570
1734331149205 0.0033167912624776363 571
1734331149276 0.0032832506112754345 572
1734331149351 0.003239597426727414 573
1734331149422 0.003318076254799962 574
1734331149497 0.0032516380306333303 575
1734331149572 0.003319383133202791 576
1734331149647 0.0032901661470532417 577
1734331149725 0.003318967530503869 578
1734331149800 0.003261531237512827 579
1734331149875 0.003252488560974598 580
1734331149946 0.0033098254352808 581
1734331150026 0.0032670877408236265 582
1734331150105 0.0032828107941895723 583
1734331150179 0.003258660202845931 584
1734331150251 0.0033023504074662924 585
1734331150327 0.0032563304994255304 586
1734331150400 0.003318364964798093 587
1734331150475 0.00328227411955595 588
1734331150552 0.0032767648808658123 589
1734331150631 0.0032727376092225313 590
1734331150711 0.003327863058075309 591
1734331150789 0.003288699546828866 592
1734331150865 0.0032969112507998943 593
1734331150939 0.0033208003733307123 594
1734331151014 0.003275883849710226 595
1734331151088 0.003307598177343607 596
1734331151162 0.0032358954194933176 597
1734331151234 0.0033080505672842264 598
1734331151303 0.003285831306129694 599
