1736738965418 0.0009640305652283132 0
1736738974551 0.017295710742473602 1
1736738974640 0.002584249246865511 2
1736738974717 0.0018406917806714773 3
1736738974812 0.0037781717255711555 4
1736738974898 0.0028008290100842714 5
1736738974988 0.001597615540958941 6
1736738975071 0.0008812291198410094 7
1736738980397 0.0007237715763039887 8
1736738985653 0.0009510123054496944 9
1736738985731 0.0012466898187994957 10
1736738985809 0.00104938552249223 11
1736738985888 0.0008658803999423981 12
1736738985962 0.000683278834912926 13
1736738991106 0.0007915910100564361 14
1736738991185 0.0008460541139356792 15
1736738991262 0.0009115966386161745 16
1736738991341 0.0008247812511399388 17
1736738991420 0.0007148592849262059 18
1736738991499 0.0007638539536856115 19
1736738991574 0.0007851534755900502 20
1736738991654 0.0007126000709831715 21
1736738991730 0.0007169050513766706 22
1736738991806 0.0006997568416409194 23
1736738991887 0.0007091782754287124 24
1736738991962 0.0007252311334013939 25
1736738992042 0.0007209064206108451 26
1736738992122 0.0007280458812601864 27
1736738992199 0.0006618496845476329 28
1736738997299 0.000719746109098196 29
1736738997371 0.0006610145792365074 30
1736739002530 0.0006726401625201106 31
1736739002607 0.0006985333748161793 32
1736739002684 0.0007115314365364611 33
1736739002761 0.0007241087150759995 34
1736739002835 0.0006773056229576468 35
1736739002914 0.0006901515298523009 36
1736739002992 0.0007086219266057014 37
1736739003066 0.0006843506707809865 38
1736739003144 0.000682998332194984 39
1736739003219 0.0006874860846437514 40
1736739003296 0.0007114468608051538 41
1736739003377 0.0006762992707081139 42
1736739003453 0.0007070815190672874 43
1736739003527 0.000683490710798651 44
1736739003620 0.0006641958025284111 45
1736739003700 0.0006886149058118463 46
1736739003776 0.0006880525615997612 47
1736739003852 0.0006765365833416581 48
1736739003929 0.0007069153944030404 49
1736739004007 0.0006807571044191718 50
1736739004080 0.0007075682515278459 51
1736739004155 0.0006820413982495666 52
1736739004229 0.0006849723868072033 53
1736739004303 0.0007193422061391175 54
1736739004381 0.0006952359690330923 55
1736739004458 0.0007041075150482357 56
1736739004534 0.0006703549297526479 57
1736739004611 0.000689742446411401 58
1736739004683 0.0007138019427657127 59
1736739004756 0.0006989018293097615 60
1736739004829 0.0006605396047234535 61
1736739009896 0.0006876708939671516 62
1736739009970 0.0006979324389249086 63
1736739010046 0.0007097371853888035 64
1736739010118 0.0006897992570884526 65
1736739010194 0.0006913685938343406 66
1736739010265 0.0007095405599102378 67
1736739010348 0.0007031307322904468 68
1736739010420 0.000684310682117939 69
1736739010497 0.0006973727140575647 70
1736739010570 0.000691163120791316 71
1736739010644 0.000651074864435941 72
1736739015765 0.0006638093618676066 73
1736739015840 0.0006674584583379328 74
1736739015915 0.0006893491372466087 75
1736739015990 0.0006592973950318992 76
1736739016068 0.0006863538292236626 77
1736739016145 0.0006974347634240985 78
1736739016218 0.0006791295018047094 79
1736739016296 0.0006653002928942442 80
1736739016368 0.0006823018193244934 81
1736739016445 0.0006973579293116927 82
1736739016521 0.0006855742540210485 83
1736739016593 0.0006680405931547284 84
1736739016667 0.0006781265838071704 85
1736739016741 0.0006788844475522637 86
1736739016817 0.0006959220627322793 87
1736739016893 0.0007256794488057494 88
1736739016967 0.0007068249979056418 89
1736739017055 0.000684990780428052 90
1736739017135 0.0006738992524333298 91
1736739017205 0.000686823797877878 92
1736739017279 0.0006850966019555926 93
1736739017359 0.0006849463097751141 94
1736739017437 0.0006989703397266567 95
1736739017512 0.0006869149510748684 96
1736739017592 0.000674252980388701 97
1736739017666 0.0007080227951519191 98
1736739017738 0.0006750420434400439 99
1736739017810 0.0006918231374584138 100
1736739017887 0.0006751189939677715 101
1736739017964 0.0006924834451638162 102
1736739018041 0.0006857410771772265 103
1736739018113 0.0006750895408913493 104
1736739018189 0.0006784354336559772 105
1736739018269 0.0006636755424551666 106
1736739018342 0.0006714885239489377 107
1736739018419 0.0006976248696446419 108
1736739018495 0.0007037508767098188 109
1736739018572 0.0006752606714144349 110
1736739018647 0.0006941165192984045 111
1736739018720 0.0006836379179731011 112
1736739018792 0.0006848659249953926 113
1736739018870 0.0006940658204257488 114
1736739018948 0.0007007147069089115 115
1736739019024 0.000655496260151267 116
1736739019096 0.0006922330940142274 117
1736739019177 0.0006878871354274452 118
1736739019255 0.0007000184850767255 119
1736739019329 0.0006815769011154771 120
1736739019404 0.0006705167470499873 121
1736739019485 0.0006732601323165 122
1736739019562 0.000683886231854558 123
1736739019637 0.0007162730908021331 124
1736739019703 0.0007088222191669047 125
1736739019780 0.0006550988764502108 126
1736739019879 0.0006937801954336464 127
1736739019954 0.0006801541312597692 128
1736739020029 0.0006898284773342311 129
1736739020104 0.000683872785884887 130
1736739020177 0.0006667213165201247 131
1736739020257 0.000681326724588871 132
1736739020334 0.00067168875830248 133
1736739020411 0.0006851599318906665 134
1736739020494 0.0006773678469471633 135
1736739020567 0.0006843169103376567 136
1736739020642 0.0006813828367739916 137
1736739020719 0.0006679348880425096 138
1736739020793 0.0006850722711533308 139
1736739020871 0.0006936230347491801 140
1736739020951 0.0006962746265344322 141
1736739021023 0.0006976561271585524 142
1736739021093 0.0006499423761852086 143
1736739026206 0.0006640900974161923 144
1736739026280 0.0006988728418946266 145
1736739026353 0.0006857480620965362 146
1736739026425 0.0006773612694814801 147
1736739026504 0.0006926159840077162 148
1736739026580 0.0006908806972205639 149
1736739026653 0.00067136314464733 150
1736739026727 0.0006825692835263908 151
1736739026801 0.000681392673868686 152
1736739026875 0.000711842265445739 153
1736739026949 0.0006641580257564783 154
1736739027023 0.0006831769132986665 155
1736739027102 0.0006699648220092058 156
1736739027173 0.0006797219975851476 157
1736739027248 0.0006975284195505083 158
1736739027326 0.0006971296388655901 159
1736739027400 0.0006982646882534027 160
1736739027474 0.0006908357026986778 161
1736739027547 0.0006981337210163474 162
1736739027623 0.000671468791551888 163
1736739027699 0.0006728278822265565 164
1736739027777 0.0006865172181278467 165
1736739027850 0.0006701620295643806 166
1736739027920 0.0006928875227458775 167
1736739027994 0.0006915298290550709 168
1736739028069 0.000672609603498131 169
1736739028147 0.0006995267467573285 170
1736739028225 0.0006840291898697615 171
1736739028302 0.0006800153059884906 172
1736739028376 0.0006821260321885347 173
1736739028447 0.0006668121204711497 174
1736739028521 0.000695617578458041 175
1736739028600 0.0006881218287162483 176
1736739028677 0.0006853628437966108 177
1736739028756 0.0006824509473517537 178
1736739028833 0.0006769643514417112 179
1736739028912 0.0006904625915922225 180
1736739028988 0.0007102051167748868 181
1736739029067 0.0006852211663499475 182
1736739029139 0.0006733389454893768 183
1736739029214 0.0006777007365599275 184
1736739029294 0.0006795891094952822 185
1736739029372 0.0006833908264525235 186
1736739029445 0.0007057451293803751 187
1736739029521 0.0006674487958662212 188
1736739029593 0.0006908460054546595 189
1736739029667 0.0006882679299451411 190
1736739029742 0.000666629639454186 191
1736739029817 0.0006876594852656126 192
1736739029892 0.0006579193868674338 193
1736739029967 0.0006865623872727156 194
1736739030043 0.0006848107441328466 195
1736739030118 0.0006872747908346355 196
1736739030195 0.0006543517811223865 197
1736739030271 0.0006686721462756395 198
1736739030349 0.0006840266869403422 199
1736739030425 0.0006699896766804159 200
1736739030503 0.0006802290445193648 201
1736739030578 0.0006809491314925253 202
1736739030649 0.0006761153344996274 203
1736739030730 0.0006802688003517687 204
1736739030808 0.0006784347933717072 205
1736739030884 0.0006952533731237054 206
1736739030958 0.0006744456477463245 207
1736739031034 0.0007077626651152968 208
1736739031123 0.0006801377166993916 209
1736739031202 0.0006950207171030343 210
1736739031275 0.0006666900007985532 211
1736739031354 0.0006843188893981278 212
1736739031429 0.0007038922049105167 213
1736739031503 0.0006590885459445417 214
1736739031579 0.0006744112470187247 215
1736739031653 0.000697150535415858 216
1736739031726 0.000679867691360414 217
1736739031798 0.0006870809011161327 218
1736739031876 0.0006877942360006273 219
1736739031952 0.0006910532247275114 220
1736739032027 0.0006807754398323596 221
1736739032101 0.0006930340314283967 222
1736739032176 0.0006637783371843398 223
1736739032252 0.0006958316662348807 224
1736739032329 0.0006885806797072291 225
1736739032405 0.0006782312993891537 226
1736739032481 0.000671675312332809 227
1736739032555 0.0006834192899987102 228
1736739032629 0.0006980134639889002 229
1736739032707 0.0006842768052592874 230
1736739032786 0.0007057280163280666 231
1736739032859 0.0006927291979081929 232
1736739032934 0.0006771176122128963 233
1736739033008 0.0007030944689176977 234
1736739033081 0.0006933815311640501 235
1736739033156 0.0006908593932166696 236
1736739033227 0.0006885068723931909 237
1736739033303 0.0006752038607373834 238
1736739033379 0.0006965825450606644 239
1736739033454 0.0006819646223448217 240
1736739033538 0.0006834834930486977 241
1736739033610 0.0007023360813036561 242
1736739033682 0.000695954542607069 243
1736739033758 0.0006894547259435058 244
1736739033833 0.0006713561597280204 245
1736739033909 0.0007144445553421974 246
1736739033984 0.0006965798675082624 247
1736739034065 0.0006915352423675358 248
1736739034137 0.000683495425619185 249
1736739034214 0.0006752388435415924 250
1736739034287 0.0006751471664756536 251
1736739034360 0.0006753515335731208 252
1736739034442 0.0006977397133596241 253
1736739034513 0.0006818269030191004 254
1736739034591 0.0006726267747581005 255
1736739034662 0.0006913367542438209 256
1736739034733 0.0006718294462189078 257
1736739034811 0.0006813580403104424 258
1736739034885 0.000687252904754132 259
1736739034961 0.0006961473263800144 260
1736739035037 0.0006669407011941075 261
1736739035111 0.000696433475241065 262
1736739035186 0.0006729103624820709 263
1736739035260 0.0007046772516332567 264
1736739035340 0.0006974927382543683 265
1736739035421 0.0006880437722429633 266
1736739035494 0.0006731736939400434 267
1736739035566 0.0006746353465132415 268
1736739035642 0.0006820147973485291 269
1736739035723 0.0006799510447308421 270
1736739035804 0.0006833842489868402 271
1736739035879 0.000676866271533072 272
1736739035954 0.0006915235426276922 273
1736739036034 0.0006727852742187679 274
1736739036108 0.0006711562746204436 275
1736739036184 0.000669998989906162 276
1736739036263 0.0006975680589675903 277
1736739036339 0.0006819216650910676 278
1736739036409 0.0007113132742233574 279
1736739036484 0.0006778144743293524 280
1736739036562 0.0006797827081754804 281
1736739036640 0.0006995798321440816 282
1736739036714 0.0006973104318603873 283
1736739036787 0.000701732758898288 284
1736739036886 0.0007066290709190071 285
1736739036964 0.0006834529340267181 286
1736739037036 0.0006856056279502809 287
1736739037111 0.0006823001313023269 288
1736739037181 0.0007000165642239153 289
1736739037262 0.000678261392749846 290
1736739037338 0.000669952598400414 291
1736739037411 0.0006821297574788332 292
1736739037486 0.0007019005715847015 293
1736739037561 0.0006891366210766137 294
1736739037641 0.0006988879758864641 295
1736739037714 0.0006784449797123671 296
1736739037790 0.0006881703156977892 297
1736739037863 0.0006768289604224265 298
1736739037941 0.0006847014301456511 299
1736739038015 0.000673111411742866 300
1736739038096 0.0006837552646175027 301
1736739038171 0.0006843864102847874 302
1736739038243 0.0006856538238935173 303
1736739038322 0.0006850750069133937 304
1736739038397 0.0006695351330563426 305
1736739038474 0.0006946772919036448 306
1736739038545 0.0006970801623538136 307
1736739038622 0.0006755019421689212 308
1736739038698 0.0006679930374957621 309
1736739038771 0.000678207550663501 310
1736739038845 0.0007041108910925686 311
1736739038928 0.0006749096210114658 312
1736739039003 0.0006826957687735558 313
1736739039079 0.0006787252495996654 314
1736739039153 0.0006780213443562388 315
1736739039227 0.0007025428931228817 316
1736739039300 0.0006875032559037209 317
1736739039375 0.0006761059048585594 318
1736739039447 0.0006747559527866542 319
1736739039521 0.0006916899001225829 320
1736739039596 0.0006952380063012242 321
1736739039672 0.0006873164675198495 322
1736739039750 0.0006801754352636635 323
1736739039823 0.0006843680748715997 324
1736739039896 0.0006897886632941663 325
1736739039969 0.0006914267432875931 326
1736739040045 0.0006853912491351366 327
1736739040121 0.000691093853674829 328
1736739040194 0.0006766145816072822 329
1736739040269 0.0006951075629331172 330
1736739040344 0.000701923097949475 331
1736739040423 0.0006842328584752977 332
1736739040500 0.0006768875755369663 333
1736739040573 0.0006957016303204 334
1736739040653 0.0006770683103241026 335
1736739040730 0.0006964538479223847 336
1736739040804 0.000677997712045908 337
1736739040879 0.0006778940442018211 338
1736739040953 0.0007004270446486771 339
1736739041030 0.0006680708029307425 340
1736739041102 0.0006926829810254276 341
1736739041176 0.0006787049351260066 342
1736739041255 0.000664175080601126 343
1736739041328 0.0007004688959568739 344
1736739041402 0.0006737541989423335 345
1736739041478 0.0006758049712516367 346
1736739041554 0.0006775361835025251 347
1736739041627 0.0006767542799934745 348
1736739041705 0.0006910616648383439 349
1736739041787 0.0006836846587248147 350
1736739041860 0.0006773578934371471 351
1736739041936 0.0007096214103512466 352
1736739042009 0.0006868341588415205 353
1736739042084 0.0006889916257932782 354
1736739042159 0.0006870185607112944 355
1736739042238 0.0006901673041284084 356
1736739042311 0.0006751128821633756 357
1736739042384 0.0006756404764018953 358
1736739042461 0.0006711531314067543 359
1736739042534 0.0006932099931873381 360
1736739042610 0.0006930778617970645 361
1736739042684 0.0006762042175978422 362
1736739042756 0.0006626251852139831 363
1736739042837 0.0006821170682087541 364
1736739042912 0.000689217762555927 365
1736739042992 0.0006727208383381367 366
1736739043070 0.0006931471289135516 367
1736739043146 0.000691865396220237 368
1736739043253 0.0007021634955890477 369
1736739043328 0.000695037713740021 370
1736739043400 0.0006923767505213618 371
1736739043478 0.000693865236826241 372
1736739043554 0.0006957974401302636 373
1736739043630 0.0006897853454574943 374
1736739043707 0.0006876427796669304 375
1736739043782 0.0006878037820570171 376
1736739043859 0.0006905683549121022 377
1736739043935 0.0006716189091093838 378
1736739044008 0.0006973639247007668 379
1736739044081 0.0006894379621371627 380
1736739044155 0.0006938895094208419 381
1736739044229 0.0006803940632380545 382
1736739044309 0.0006715130875818431 383
1736739044382 0.0006960257887840271 384
1736739044456 0.0006550318794324994 385
1736739044530 0.000686311861500144 386
1736739044604 0.000680742145050317 387
1736739044680 0.0006894625839777291 388
1736739044758 0.0006770091131329536 389
1736739044837 0.0006990305264480412 390
1736739044911 0.0006874488317407668 391
1736739044989 0.0006603921647183597 392
1736739045085 0.0006796062225475907 393
1736739045167 0.0006869820063002408 394
1736739045241 0.0006858206470496953 395
1736739045314 0.0006855808314867318 396
1736739045391 0.000686327344737947 397
1736739045468 0.0006730718887411058 398
1736739045542 0.0006944985361769795 399
1736739045613 0.0006947356159798801 400
1736739045688 0.0006670529255643487 401
1736739045760 0.0006689007277600467 402
1736739045832 0.0006875931285321712 403
1736739045908 0.0006808714242652059 404
1736739045984 0.000670085777528584 405
1736739046058 0.0006830827333033085 406
1736739046130 0.0007093485328368843 407
1736739046204 0.0006904618931002915 408
1736739046278 0.0006877548876218498 409
1736739046354 0.0006864016759209335 410
1736739046430 0.000691631285008043 411
1736739046503 0.0006905483896844089 412
1736739046579 0.000676069816108793 413
1736739046660 0.0006859680870547891 414
1736739046735 0.000682756828609854 415
1736739046812 0.0006990224937908351 416
1736739046887 0.0006818647962063551 417
1736739046960 0.00067645322997123 418
1736739047042 0.0006764977588318288 419
1736739047115 0.0006734678172506392 420
1736739047191 0.0007175709470175207 421
1736739047266 0.0006703691324219108 422
1736739047342 0.0006866015610285103 423
1736739047418 0.0006998148164711893 424
1736739047491 0.0007011994021013379 425
1736739047565 0.0006947545916773379 426
1736739047641 0.0006681945524178445 427
1736739047717 0.0006898439605720341 428
1736739047790 0.0006949995877221227 429
1736739047868 0.0006809458718635142 430
1736739047949 0.0006963892374187708 431
1736739048025 0.0006816225941292942 432
1736739048100 0.0006805529701523483 433
1736739048174 0.0006686673150397837 434
1736739048249 0.0006770312320441008 435
1736739048322 0.0006811035564169288 436
1736739048398 0.000677514064591378 437
1736739048472 0.0006797126843594015 438
1736739048542 0.0006834910018369555 439
1736739048617 0.0006894418620504439 440
1736739048691 0.0006794287473894656 441
1736739048767 0.000672915717586875 442
1736739048842 0.0006756062502972782 443
1736739048918 0.0006799358525313437 444
1736739048991 0.0006974598509259522 445
1736739049066 0.0006815001834183931 446
1736739049139 0.0006761045078746974 447
1736739049212 0.0006737738731317222 448
1736739049287 0.0006708688451908529 449
1736739049361 0.0006938062724657357 450
1736739049443 0.000683511549141258 451
1736739049517 0.0007074690656736493 452
1736739049594 0.0006769777974113822 453
1736739049679 0.0006829508347436786 454
1736739049759 0.0006877596606500447 455
1736739049830 0.0006691144080832601 456
1736739049903 0.0006684006075374782 457
1736739049977 0.0006829090998508036 458
1736739050052 0.0006905176560394466 459
1736739050129 0.0006901127635501325 460
1736739050204 0.0006764957797713578 461
1736739050277 0.0007029793341644108 462
1736739050353 0.0006859819404780865 463
1736739050431 0.0006710360758006573 464
1736739050505 0.0006734853959642351 465
1736739050584 0.0006919705774635077 466
1736739050658 0.0006892638048157096 467
1736739050733 0.0006910010706633329 468
1736739050805 0.0006612463621422648 469
1736739050880 0.0006875544786453247 470
1736739050954 0.0006665789987891912 471
1736739051033 0.0006660367944277823 472
1736739051104 0.0006892773672007024 473
1736739051178 0.0006822881405241787 474
1736739051252 0.0006839714478701353 475
1736739051325 0.00068471155827865 476
1736739051399 0.0006729301530867815 477
1736739051474 0.0006743064150214195 478
1736739051550 0.0006948907393962145 479
1736739051623 0.0006905661430209875 480
1736739051694 0.0006860980065539479 481
1736739051770 0.0007117738714441657 482
1736739051842 0.0006658207857981324 483
1736739051917 0.0007211912889033556 484
1736739051991 0.0006886599003337324 485
1736739052064 0.0006752932094968855 486
1736739052145 0.0006822607247158885 487
1736739052224 0.0006718166405335069 488
1736739052299 0.0007128347060643137 489
1736739052374 0.0006890428485348821 490
1736739052446 0.0006854577222838998 491
1736739052529 0.0006757845403626561 492
1736739052603 0.0006712441681884229 493
1736739052680 0.0006709066219627857 494
1736739052756 0.0006890905206091702 495
1736739052833 0.0006879534339532256 496
1736739052913 0.0006822990835644305 497
1736739052991 0.0006746795843355358 498
1736739053068 0.0006887469789944589 499
1736739053143 0.0007002060301601887 500
1736739053220 0.0006824120646342635 501
1736739053302 0.0006675589247606695 502
1736739053379 0.0006862098234705627 503
1736739053454 0.0007090452709235251 504
1736739053526 0.0007014257716946304 505
1736739053602 0.0006671597366221249 506
1736739053675 0.0006862946320325136 507
1736739053753 0.0006909960648044944 508
1736739053828 0.0006972184055484831 509
1736739053898 0.0006925638299435377 510
1736739053975 0.0006692710448987782 511
1736739054050 0.000695425842422992 512
1736739054126 0.0006921706954017282 513
1736739054198 0.0006945114000700414 514
1736739054274 0.0006625084206461906 515
1736739054343 0.0006669668946415186 516
1736739054421 0.0006797516834922135 517
1736739054496 0.0007081975345499814 518
1736739054572 0.000666971318423748 519
1736739054655 0.0006862598820589483 520
1736739054729 0.0006746623548679054 521
1736739054806 0.0006832068902440369 522
1736739054882 0.0007092671003192663 523
1736739054960 0.0006778997485525906 524
1736739055036 0.0007058246410451829 525
1736739055110 0.0006896810373291373 526
1736739055185 0.000675382383633405 527
1736739055260 0.0006702993414364755 528
1736739055335 0.0006760370451956987 529
1736739055409 0.0006730300956405699 530
1736739055481 0.0006715909112244844 531
1736739055557 0.0007096055778674781 532
1736739055631 0.0006867027841508389 533
1736739055702 0.0006812413921579719 534
1736739055795 0.0006668977439403534 535
1736739055875 0.0006798026151955128 536
1736739055949 0.0007021302008070052 537
1736739056027 0.0006801845738664269 538
1736739056101 0.0006850055069662631 539
1736739056173 0.000679259654134512 540
1736739056247 0.000669857719913125 541
1736739056323 0.0006714146002195776 542
1736739056400 0.0006919855368323624 543
1736739056469 0.0006790854968130589 544
1736739056542 0.0006895449478179216 545
1736739056617 0.0006716565112583339 546
1736739056712 0.0006759606767445803 547
1736739056786 0.000687052437569946 548
1736739056861 0.0006890852237120271 549
1736739056934 0.0007010587141849101 550
1736739057006 0.0006829224294051528 551
1736739057080 0.0006475072586908937 552
1736739062221 0.0006974915158934891 553
1736739062295 0.0006876645493321121 554
1736739062368 0.0006835415842942894 555
1736739062446 0.0006705343839712441 556
1736739062520 0.0006693232571706176 557
1736739062594 0.0006831354112364352 558
1736739062671 0.0006714423070661724 559
1736739062749 0.0006767508457414806 560
1736739062823 0.0006770941545255482 561
1736739062894 0.0006895337137393653 562
1736739062970 0.0007063267985358834 563
1736739063053 0.000684566970448941 564
1736739063129 0.0006815451779402792 565
1736739063204 0.0006911004311405122 566
1736739063278 0.0006916220299899578 567
1736739063353 0.0007185927242971957 568
1736739063427 0.0006749405874870718 569
1736739063511 0.0006733583868481219 570
1736739063582 0.0006840655114501715 571
1736739063658 0.0006927725044079125 572
1736739063730 0.000688866653945297 573
1736739063808 0.0006876448751427233 574
1736739063881 0.0006771021871827543 575
1736739063959 0.0006906338967382908 576
1736739064038 0.0007089824648573995 577
1736739064114 0.0006774325156584382 578
1736739064190 0.0007248743786476552 579
1736739064264 0.0007057013572193682 580
1736739064341 0.0006908795330673456 581
1736739064417 0.0006890168879181147 582
1736739064489 0.0006963963387534022 583
1736739064564 0.0006759479874745011 584
1736739064643 0.0006942656473256648 585
1736739064716 0.0006916624843142927 586
1736739064802 0.0006885991315357387 587
1736739064879 0.0006886140909045935 588
1736739064956 0.0006703507388010621 589
1736739065033 0.0006756042712368071 590
1736739065109 0.0006821033894084394 591
1736739065186 0.0006651728763245046 592
1736739065260 0.0006662920932285488 593
1736739065335 0.0006806184537708759 594
1736739065411 0.0006904017645865679 595
1736739065484 0.0006723901024088264 596
1736739065558 0.0006903446628712118 597
1736739065634 0.0006972152623347938 598
1736739065712 0.0006767687737010419 599
