1734330927549 0.001399651519022882 0
1734330934775 0.012047839350998402 1
1734330934857 0.001653040642850101 2
1734330934942 0.0014526713639497757 3
1734330935025 0.0023058473598212004 4
1734330935107 0.0016485064988955855 5
1734330935186 0.0009238888160325587 6
1734330939972 0.000764078926295042 7
1734330944799 0.0010738022392615676 8
1734330944888 0.0011307101231068373 9
1734330944972 0.0008499336545355618 10
1734330945053 0.0007218177197501063 11
1734330950040 0.000699233147315681 12
1734330955255 0.0007193151977844536 13
1734330955328 0.0007329454529099166 14
1734330955411 0.0007789881783537567 15
1734330955498 0.000741978466976434 16
1734330955577 0.0007268026238307357 17
1734330955662 0.0006882030866108835 18
