1734331017984 0.0008122871513478458 0
1734331023948 0.017879843711853027 1
1734331024029 0.0018522057216614485 2
1734331024110 0.00250354059971869 3
1734331024188 0.0035342916380614042 4
1734331024270 0.002008381299674511 5
1734331024344 0.0006553529528900981 6
1734331029294 0.0016547591658309102 7
1734331029374 0.0018045520409941673 8
1734331029449 0.0011280410690233111 9
1734331029526 0.0007370812818408012 10
1734331029602 0.0008481959812343121 11
1734331029682 0.0012542371405288577 12
1734331029763 0.0010096270125359297 13
1734331029843 0.0007955426699481905 14
1734331029922 0.0007117502391338348 15
1734331029999 0.0007619252428412437 16
1734331030076 0.0008887119474820793 17
1734331030162 0.0008617130806669593 18
1734331030241 0.000762647483497858 19
1734331030317 0.0007056271424517035 20
1734331030394 0.0007094021420925856 21
1734331030468 0.0007610861794091761 22
1734331030548 0.000754679087549448 23
1734331030623 0.0006966685759834945 24
1734331030702 0.0008037827210500836 25
1734331030780 0.0006791948108002543 26
1734331030853 0.0006688149296678603 27
1734331030929 0.0007380322203971446 28
1734331031008 0.0007963168318383396 29
1734331031085 0.0007369386148639023 30
1734331031174 0.0006990793626755476 31
1734331031261 0.0006337681552395225 32
1734331036306 0.0007287283660843968 33
1734331036384 0.0007305189501494169 34
1734331036462 0.0006630129646509886 35
1734331036553 0.000701800687238574 36
1734331036638 0.0006853757658973336 37
1734331036720 0.0006882041925564408 38
1734331036796 0.0007022008066996932 39
1734331036875 0.0007396221626549959 40
1734331036948 0.000654702540487051 41
1734331037026 0.0006856368854641914 42
1734331037103 0.0006826407625339925 43
1734331037179 0.0007154635968618095 44
1734331037255 0.000657900411169976 45
1734331037330 0.0006807247409597039 46
1734331037404 0.0007280692225322127 47
1734331037487 0.000705379934515804 48
1734331037568 0.0007004949147813022 49
1734331037646 0.0006812694482505322 50
1734331037720 0.000718355062417686 51
1734331037800 0.0007045241072773933 52
1734331037875 0.0006929554510861635 53
1734331037954 0.00066056550713256 54
1734331038026 0.0007000177283771336 55
1734331038099 0.000696607690770179 56
1734331038180 0.0006991598638705909 57
1734331038261 0.0006994137656874955 58
1734331038344 0.0006665480323135853 59
1734331038418 0.0007008584216237068 60
1734331038499 0.0006714725168421865 61
1734331038580 0.0006829929770901799 62
1734331038652 0.0006567164673469961 63
1734331038740 0.0006857741391286254 64
1734331038818 0.0006932290270924568 65
1734331038889 0.0006818689871579409 66
1734331038966 0.0006922494503669441 67
1734331039048 0.0006715331110171974 68
1734331039122 0.0006739413947798312 69
1734331039199 0.0006869402714073658 70
1734331039277 0.0006861227448098361 71
1734331039356 0.0006542084738612175 72
1734331039434 0.0006661638617515564 73
1734331039506 0.0007012782734818757 74
1734331039584 0.000686950923409313 75
1734331039657 0.0006784169236198068 76
1734331039732 0.0007067549740895629 77
1734331039811 0.0007188092567957938 78
1734331039891 0.0007277537370100617 79
1734331039968 0.0007071900181472301 80
1734331040045 0.000652067712508142 81
1734331040129 0.0006520432652905583 82
1734331040204 0.0007092348532751203 83
1734331040280 0.0007216211524792016 84
1734331040354 0.000684455968439579 85
1734331040431 0.0007096445770002902 86
1734331040509 0.0007276426185853779 87
1734331040587 0.0006945846835151315 88
1734331040664 0.000681329402141273 89
1734331040744 0.0006885248585604131 90
1734331040820 0.0006906851194798946 91
1734331040888 0.0006825667223893106 92
1734331040969 0.0007095746113918722 93
1734331041046 0.0006806928431615233 94
1734331041123 0.0007013180293142796 95
1734331041204 0.0007068199338391423 96
1734331041280 0.0007152340840548277 97
1734331041361 0.0006995419971644878 98
1734331041462 0.000665946863591671 99
1734331041546 0.0007148300646804273 100
1734331041626 0.0007088323472999036 101
1734331041704 0.0007034758455120027 102
1734331041779 0.0007029775879345834 103
1734331041859 0.0006923569599166512 104
1734331041935 0.000683004385791719 105
1734331042014 0.0007148949080146849 106
1734331042094 0.0007044418016448617 107
1734331042171 0.0006773280329070985 108
1734331042246 0.0006812356878072023 109
1734331042329 0.0006948072696104646 110
1734331042408 0.0006920418818481266 111
1734331042487 0.0007229228504002094 112
1734331042563 0.0006872998201288283 113
1734331042644 0.0006648365524597466 114
1734331042722 0.0006928165093995631 115
1734331042800 0.0007167726289480925 116
1734331042875 0.0006628404371440411 117
1734331042957 0.0007067546830512583 118
1734331043046 0.0007040855707600713 119
1734331043138 0.0006492141983471811 120
1734331043225 0.0006597211468033493 121
1734331043309 0.0006815802771598101 122
1734331043394 0.0007068099803291261 123
1734331043465 0.0007142908871173859 124
1734331043547 0.0006804205477237701 125
1734331043619 0.0006947810761630535 126
1734331043700 0.0006952668190933764 127
1734331043774 0.0007091283914633095 128
1734331043850 0.0006915619596838951 129
1734331043924 0.0006964404019527137 130
1734331044003 0.0006892930832691491 131
1734331044077 0.0007021832279860973 132
1734331044153 0.0007023694342933595 133
1734331044229 0.0006844958406873047 134
1734331044308 0.0006686636479571462 135
1734331044384 0.0007057893089950085 136
1734331044463 0.0006809990736655891 137
1734331044535 0.0007050166605040431 138
1734331044614 0.0007164363632909954 139
1734331044692 0.0006729570450261235 140
1734331044772 0.0006967922672629356 141
1734331044847 0.0006847417098470032 142
1734331044927 0.0006585772498510778 143
1734331044998 0.0006942976033315063 144
1734331045075 0.0006657121703028679 145
1734331045150 0.0006952490075491369 146
1734331045225 0.0006951707182452083 147
1734331045303 0.0006678650388494134 148
1734331045384 0.0006903203902766109 149
1734331045461 0.000677175703458488 150
1734331045541 0.0006879831780679524 151
1734331045615 0.0006784313009120524 152
1734331045692 0.000714220805093646 153
1734331045768 0.0006821604329161346 154
1734331045843 0.0006909443764016032 155
1734331045921 0.0007026842213235795 156
1734331045995 0.0006897154962643981 157
1734331046071 0.0006869257194921374 158
1734331046145 0.0006806812598370016 159
1734331046221 0.0006789351464249194 160
1734331046300 0.0006921141175553203 161
1734331046381 0.0006861400906927884 162
1734331046458 0.0006911208620294929 163
1734331046532 0.0007009948021732271 164
1734331046608 0.0006909312214702368 165
1734331046687 0.0006775984656997025 166
1734331046767 0.0006623979425057769 167
1734331046842 0.000692635599989444 168
1734331046922 0.0006592498975805938 169
1734331047000 0.0006979451864026487 170
1734331047073 0.0006778736715205014 171
1734331047148 0.000677495205309242 172
1734331047221 0.0006793353823013604 173
1734331047310 0.0006696672644466162 174
1734331047387 0.0006746636936441064 175
1734331047463 0.0006908305222168565 176
1734331047541 0.0006709491717629135 177
1734331047626 0.0006870599463582039 178
1734331047696 0.0006788797909393907 179
1734331047777 0.0006948068621568382 180
1734331047854 0.0006836678367108107 181
1734331047932 0.0006743315025232732 182
1734331048027 0.0006780432886444032 183
1734331048112 0.0007090874714776874 184
1734331048190 0.0007082537049427629 185
1734331048264 0.0006883732276037335 186
1734331048341 0.0006845282041467726 187
1734331048422 0.0006628416012972593 188
1734331048504 0.000691396533511579 189
1734331048577 0.0007003796636126935 190
1734331048653 0.0006810901686549187 191
1734331048730 0.0006774557987228036 192
1734331048803 0.0006765846628695726 193
1734331048878 0.0006620777421630919 194
1734331048951 0.0006585655501112342 195
1734331049032 0.0007119569345377386 196
1734331049107 0.0006854533567093313 197
1734331049181 0.0006807995960116386 198
1734331049258 0.0006744253914803267 199
1734331049333 0.0006799660623073578 200
1734331049415 0.0007017424795776606 201
1734331049492 0.0006758648669347167 202
1734331049572 0.0006809223559685051 203
1734331049649 0.0007077985210344195 204
1734331049729 0.0006782379350624979 205
1734331049810 0.000661768950521946 206
1734331049892 0.0006886125775054097 207
1734331049971 0.0006996332667768002 208
1734331050048 0.0006668865098617971 209
1734331050120 0.0006988119566813111 210
1734331050196 0.0006971052498556674 211
1734331050274 0.0006610684795305133 212
1734331050346 0.0006706237327307463 213
1734331050417 0.0007004159851931036 214
1734331050508 0.000712066306732595 215
1734331050588 0.000693945330567658 216
1734331050664 0.0006807737518101931 217
1734331050744 0.0006966200307942927 218
1734331050823 0.0006833089282736182 219
1734331050894 0.000724894052837044 220
1734331050968 0.0006882624002173543 221
1734331051047 0.00068947538966313 222
1734331051122 0.0007005105726420879 223
1734331051198 0.0006903120083734393 224
1734331051271 0.0006840451969765127 225
1734331051352 0.0006883430178277194 226
1734331051433 0.0006841449649073184 227
1734331051517 0.0006881558801978827 228
1734331051593 0.0006769558531232178 229
1734331051666 0.0006819235859438777 230
1734331051740 0.0006728765438310802 231
1734331051812 0.0006849562050774693 232
1734331051887 0.0006813472718931735 233
1734331051964 0.000677899457514286 234
1734331052048 0.0006824384327046573 235
1734331052129 0.0007033466827124357 236
1734331052210 0.0007173600606620312 237
1734331052288 0.0006937726866453886 238
1734331052365 0.000654613773804158 239
1734331052441 0.0006747085717506707 240
1734331052521 0.0007013450958766043 241
1734331052596 0.0006743678241036832 242
1734331052670 0.0006832159124314785 243
1734331052747 0.000669627683237195 244
1734331052819 0.0007040010532364249 245
1734331052899 0.0006824115989729762 246
1734331052971 0.0006880165310576558 247
1734331053046 0.0006868720520287752 248
1734331053117 0.0006704105762764812 249
1734331053193 0.0006721816025674343 250
1734331053266 0.0006630701245740056 251
1734331053351 0.0006774893263354897 252
1734331053425 0.0006759412353858352 253
1734331053504 0.0006983129424043 254
1734331053580 0.000687256280798465 255
1734331053658 0.0006832708022557199 256
1734331053740 0.0006726735737174749 257
1734331053814 0.0006884175236336887 258
1734331053886 0.000695625611115247 259
1734331053963 0.0006757975206710398 260
1734331054036 0.0006734866765327752 261
1734331054112 0.0006903428002260625 262
1734331054184 0.0006600366905331612 263
1734331054258 0.0006928923539817333 264
1734331054335 0.0006905943155288696 265
1734331054410 0.000680198660120368 266
1734331054487 0.0006608021794818342 267
1734331054571 0.0006805864977650344 268
1734331054648 0.0006637773476541042 269
1734331054725 0.0006895923870615661 270
1734331054802 0.0007033143774606287 271
1734331054875 0.0006863970775157213 272
1734331054954 0.0006998538156040013 273
1734331055031 0.0006834574742242694 274
1734331055101 0.0006948811933398247 275
1734331055173 0.000674672017339617 276
1734331055249 0.0007025048253126442 277
1734331055324 0.0007043523946776986 278
1734331055401 0.0006834167870692909 279
1734331055480 0.0006714308401569724 280
1734331055555 0.0006820755079388618 281
1734331055630 0.0006597158499062061 282
1734331055706 0.0006936336285434663 283
1734331055787 0.0007079421193338931 284
1734331055859 0.0006758731324225664 285
1734331055942 0.000682579877320677 286
1734331056014 0.0006909415824338794 287
1734331056086 0.0007084017270244658 288
1734331056158 0.000685142062138766 289
1734331056235 0.0006790247280150652 290
1734331056306 0.0006862196605652571 291
1734331056380 0.0006771767511963844 292
1734331056454 0.0006838104454800487 293
1734331056530 0.0006822484428994358 294
1734331056608 0.0006884410395286977 295
1734331056683 0.0006733214831911027 296
1734331056757 0.0006705918931402266 297
1734331056834 0.0006693928153254092 298
1734331056909 0.0006584358052350581 299
1734331056984 0.0006871369550935924 300
1734331057060 0.0006820816779509187 301
1734331057134 0.0006759202224202454 302
1734331057208 0.0006844534073024988 303
1734331057287 0.000664538296405226 304
1734331057362 0.0006899330182932317 305
1734331057438 0.0007133032777346671 306
1734331057514 0.0007008037064224482 307
1734331057594 0.0006694247713312507 308
1734331057668 0.0006691687740385532 309
1734331057740 0.0006592713762074709 310
1734331057816 0.0006944389315322042 311
1734331057889 0.0006526492070406675 312
1734331057960 0.0007077485206536949 313
1734331058040 0.0006858567357994616 314
1734331058113 0.0006855154642835259 315
1734331058191 0.000668153865262866 316
1734331058265 0.0006961589679121971 317
1734331058342 0.0007158603402785957 318
1734331058421 0.0006808994803577662 319
1734331058497 0.0006805354496464133 320
1734331058569 0.0007029930711723864 321
1734331058649 0.0006551863043569028 322
1734331058722 0.000707876228261739 323
1734331058799 0.0006828298792243004 324
1734331058873 0.0006603342480957508 325
1734331058951 0.000681226490996778 326
1734331059029 0.0006794548826292157 327
1734331059106 0.000707410741597414 328
1734331059181 0.0006723964470438659 329
1734331059254 0.0006800199043937027 330
1734331059342 0.0006907252827659249 331
1734331059419 0.000700250209774822 332
1734331059494 0.0006608410039916635 333
1734331059568 0.0006859864224679768 334
1734331059646 0.0007010889821685851 335
1734331059721 0.0007080336799845099 336
1734331059796 0.0006968250963836908 337
1734331059868 0.0006840364076197147 338
1734331059942 0.0006819495465606451 339
1734331060027 0.0006866886978968978 340
1734331060107 0.000677000789437443 341
1734331060179 0.0006838609115220606 342
1734331060254 0.0006937331636436284 343
1734331060325 0.0007007506210356951 344
1734331060399 0.0006915152771398425 345
1734331060476 0.0007083106320351362 346
1734331060552 0.0006797814858146012 347
1734331060629 0.0006883280584588647 348
1734331060705 0.0007036696188151836 349
1734331060779 0.0006696105119772255 350
1734331060852 0.0006881807348690927 351
1734331060929 0.0006892629899084568 352
1734331061003 0.0006924428744241595 353
1734331061078 0.0006997970631346107 354
1734331061151 0.0006851482321508229 355
1734331061226 0.0006825699238106608 356
1734331061302 0.0006823563599027693 357
1734331061383 0.0006945944624021649 358
1734331061458 0.0006827347096987069 359
1734331061533 0.0006706119747832417 360
1734331061611 0.0006623600493185222 361
1734331061688 0.0006761755212210119 362
1734331061757 0.0006669434369541705 363
1734331061834 0.0007077078334987164 364
1734331061921 0.0007285987958312035 365
1734331062000 0.0006866513285785913 366
1734331062081 0.0007016265881247818 367
1734331062162 0.0006614853627979755 368
1734331062238 0.000716450740583241 369
1734331062315 0.0006794059881940484 370
1734331062385 0.0006685082335025072 371
1734331062459 0.0006966335931792855 372
1734331062537 0.0006710134330205619 373
1734331062616 0.0006755213253200054 374
1734331062692 0.0006801969138905406 375
1734331062772 0.0006782655254937708 376
1734331062851 0.000689821143168956 377
1734331062927 0.0006692794268019497 378
1734331062998 0.0006592684076167643 379
1734331063074 0.0006860601715743542 380
1734331063151 0.0006909038638696074 381
1734331063225 0.0007013289141468704 382
1734331063298 0.0007226127781905234 383
1734331063373 0.0006995536969043314 384
1734331063451 0.0006729117012582719 385
1734331063530 0.0006912465905770659 386
1734331063605 0.0006972497794777155 387
1734331063676 0.0006884126923978329 388
1734331063753 0.0006754199275746942 389
1734331063824 0.000690606189891696 390
1734331063901 0.000676498340908438 391
1734331063976 0.0006888170028105378 392
1734331064046 0.0006877721752971411 393
1734331064122 0.0006682078819721937 394
1734331064196 0.0006639526691287756 395
1734331064268 0.0006642283406108618 396
1734331064342 0.0006922184256836772 397
1734331064418 0.0006897445418871939 398
1734331064490 0.000676511088386178 399
1734331064565 0.0006840258720330894 400
1734331064638 0.0006557222222909331 401
1734331064709 0.0006937403813935816 402
1734331064784 0.0006957343430258334 403
1734331064863 0.0006976388394832611 404
1734331064933 0.0006835228414274752 405
1734331065010 0.0006784039433114231 406
1734331065087 0.0006988508393988013 407
1734331065163 0.0006788522587157786 408
1734331065248 0.0007046646205708385 409
1734331065324 0.0007030811393633485 410
1734331065398 0.0007373575936071575 411
1734331065475 0.000687207211740315 412
1734331065551 0.0006682747043669224 413
1734331065627 0.0007028365507721901 414
1734331065701 0.000679345743265003 415
1734331065778 0.0006825178279541433 416
1734331065854 0.0006648136768490076 417
1734331065929 0.0007090498111210763 418
1734331066004 0.0006862017908133566 419
1734331066076 0.0006735144415870309 420
1734331066150 0.0006966795190237463 421
1734331066226 0.0006802788120694458 422
1734331066300 0.0006834312807768583 423
1734331066377 0.0006670737639069557 424
1734331066452 0.0006986527005210519 425
1734331066528 0.0006959682796150446 426
1734331066603 0.0006837061373516917 427
1734331066673 0.0006935985875315964 428
1734331066748 0.000701126700732857 429
1734331066823 0.0006691268645226955 430
1734331066902 0.0006822153809480369 431
1734331066978 0.0006787995807826519 432
1734331067053 0.0006875780527479947 433
1734331067129 0.000687221996486187 434
1734331067200 0.0006851320504210889 435
1734331067279 0.0006800849223509431 436
1734331067354 0.0006699857185594738 437
1734331067428 0.0006847596960142255 438
1734331067502 0.0006865149480290711 439
1734331067575 0.0006882697343826294 440
1734331067650 0.0006790494662709534 441
1734331067724 0.0006728966836817563 442
1734331067804 0.0006630392163060606 443
1734331067885 0.0006835063686594367 444
1734331067957 0.0006923542241565883 445
1734331068033 0.0006968250381760299 446
1734331068109 0.0006974562420509756 447
1734331068202 0.0006895483820699155 448
1734331068284 0.0006954995915293694 449
1734331068358 0.0006969533860683441 450
1734331068435 0.0007034325390122831 451
1734331068512 0.0006651506992056966 452
1734331068588 0.0006684057880192995 453
1734331068663 0.0006860340945422649 454
1734331068736 0.0006848901975899935 455
1734331068817 0.0006867108168080449 456
1734331068892 0.000668072490952909 457
1734331068964 0.0006852663937024772 458
1734331069039 0.0006699108052998781 459
1734331069116 0.0006833834922872484 460
1734331069189 0.0006840633577667177 461
1734331069263 0.0006793538341298699 462
1734331069340 0.0006996240117587149 463
1734331069415 0.0006941475439816713 464
1734331069487 0.0006953758420422673 465
1734331069564 0.0006861977744847536 466
1734331069638 0.0006882043089717627 467
1734331069710 0.0007061780779622495 468
1734331069790 0.0007002702332101762 469
1734331069865 0.0006786048179492354 470
1734331069940 0.0006929875817149878 471
1734331070015 0.0006937300786375999 472
1734331070088 0.0006714683840982616 473
1734331070164 0.0006866173935122788 474
1734331070245 0.0006864065071567893 475
1734331070315 0.0006714327610097826 476
1734331070393 0.0006862292648293078 477
1734331070468 0.0006780955591239035 478
1734331070541 0.0006840539863333106 479
1734331070620 0.0007021891069598496 480
1734331070693 0.000701803364790976 481
1734331070768 0.000672804017085582 482
1734331070842 0.0006848378689028323 483
1734331070916 0.0006723171100020409 484
1734331070991 0.0006842547445558012 485
1734331071059 0.000681655015796423 486
1734331071147 0.0006721110548824072 487
1734331071225 0.0006919315783306956 488
1734331071302 0.0006589764961972833 489
1734331071378 0.0006852209335193038 490
1734331071456 0.0006955731078051031 491
1734331071529 0.0006965879583731294 492
1734331071605 0.0007134630577638745 493
1734331071677 0.0006937464931979775 494
1734331071751 0.000682700308971107 495
1734331071825 0.0006893454119563103 496
1734331071900 0.0006815099623054266 497
1734331071974 0.000715197529643774 498
1734331072048 0.0007031486020423472 499
1734331072122 0.0006706890999339521 500
1734331072196 0.000696625211276114 501
1734331072272 0.0006728658336214721 502
1734331072347 0.0006809287006035447 503
1734331072420 0.000695147376973182 504
1734331072496 0.0007083416567184031 505
1734331072568 0.0007084963726811111 506
1734331072644 0.0006848951452411711 507
1734331072720 0.0006859846180304885 508
1734331072794 0.0007043390069156885 509
1734331072870 0.0006705034174956381 510
1734331072947 0.0006878218846395612 511
1734331073025 0.0006807049503549933 512
1734331073097 0.0006676216726191342 513
1734331073172 0.0006787375896237791 514
1734331073246 0.0007075394387356937 515
1734331073321 0.0006714718765579164 516
1734331073392 0.0006535029970109463 517
1734331073471 0.0006937528378330171 518
1734331073544 0.0006789149483665824 519
1734331073615 0.0007075428729876876 520
1734331073688 0.0006786679150536656 521
1734331073764 0.0006872881785966456 522
1734331073841 0.0006753510097041726 523
1734331073912 0.0006961809704080224 524
1734331073991 0.0006587898242287338 525
1734331074064 0.000707355618942529 526
1734331074141 0.0006757755181752145 527
1734331074217 0.0006892423843964934 528
1734331074291 0.0006873718230053782 529
1734331074368 0.000691305089276284 530
1734331074450 0.0006833678344264627 531
1734331074521 0.0006702733808197081 532
1734331074596 0.0006963394116610289 533
1734331074671 0.0006801668205298483 534
1734331074748 0.0006795248482376337 535
1734331074820 0.000683812249917537 536
1734331074893 0.0006896414561197162 537
1734331074962 0.0006757572409696877 538
1734331075045 0.0007045399979688227 539
1734331075118 0.0007081644143909216 540
1734331075197 0.0006750705069862306 541
1734331075273 0.0006529571255668998 542
1734331075353 0.0006957477889955044 543
1734331075426 0.0006741739343851805 544
1734331075501 0.0006604960071854293 545
1734331075577 0.0007033603033050895 546
1734331075652 0.000695663271471858 547
1734331075725 0.000704218924511224 548
1734331075804 0.0007036706665530801 549
1734331075875 0.0006978082819841802 550
1734331075950 0.0006791640189476311 551
1734331076027 0.0006767715676687658 552
1734331076105 0.0006741255056113005 553
1734331076179 0.0006844570743851364 554
1734331076257 0.0007076676120050251 555
1734331076333 0.0007094450993463397 556
1734331076411 0.0006946752546355128 557
1734331076484 0.0006892180535942316 558
1734331076563 0.0007048249244689941 559
1734331076637 0.0006774034700356424 560
1734331076711 0.0006902524619363248 561
1734331076784 0.0007067784899845719 562
1734331076858 0.0006827873876318336 563
1734331076933 0.0006946686771698296 564
1734331077006 0.0006796981324441731 565
1734331077092 0.0007260086131282151 566
1734331077178 0.0006636094185523689 567
1734331077253 0.0006909632356837392 568
1734331077325 0.0006720758392475545 569
1734331077404 0.0006875316030345857 570
1734331077477 0.0007261669961735606 571
1734331077555 0.0007002357742749155 572
1734331077632 0.0007048650877550244 573
1734331077704 0.0006874775281175971 574
1734331077777 0.0007083668024279177 575
1734331077851 0.000687567051500082 576
1734331077926 0.000692419009283185 577
1734331078000 0.0006961952312849462 578
1734331078073 0.0006771947373636067 579
1734331078151 0.0006851740181446075 580
1734331078226 0.0007005898514762521 581
1734331078302 0.0006897512939758599 582
1734331078378 0.0006950597162358463 583
1734331078449 0.0006901316228322685 584
1734331078525 0.0007027268875390291 585
1734331078605 0.0006748184096068144 586
1734331078678 0.0006765043362975121 587
1734331078750 0.0006676941993646324 588
1734331078824 0.0006843255832791328 589
1734331078900 0.0006890959339216352 590
1734331078973 0.0007008393877185881 591
1734331079047 0.0006839343113824725 592
1734331079127 0.0006907516508363187 593
1734331079201 0.0006834366358816624 594
1734331079280 0.0006877423729747534 595
1734331079359 0.0006838253466412425 596
1734331079432 0.0006786568555980921 597
1734331079508 0.0006650755531154573 598
1734331079586 0.0006752494955435395 599
