1734329773164 0.6602153157075246 1
1734329784484 0.31770466097195943 2
1734329794949 0.27232745863596597 3
1734329805205 0.2362029927333196 4
1734329815005 0.20744286784331004 5
1734329824642 0.18329950184027355 6
1734329834406 0.1644940127849579 7
1734329844128 0.1484712585926056 8
1734329853913 0.13759502028226853 9
1734329863763 0.1264025639216105 10
1734329873489 0.11972893664042154 11
1734329883558 0.11234285195271174 12
1734329893639 0.1054285135626793 13
1734329899618 0.09859281967878342 14
1734329909493 0.09453468222220739 15
