1736739067072 0.00401530135422945 0
1736739072414 0.00678524374961853 1
1736739072493 0.003324972465634346 2
1736739077662 0.005241941194981337 3
1736739077741 0.003999702166765928 4
1736739077815 0.003254838054999709 5
1736739082981 0.003517783945426345 6
1736739083059 0.003911906387656927 7
1736739083135 0.0037087048403918743 8
1736739083212 0.003369753947481513 9
1736739083289 0.003362988820299506 10
1736739083365 0.003410733537748456 11
1736739083442 0.0034209543373435736 12
1736739083518 0.00354022067040205 13
1736739083592 0.003256106050685048 14
1736739083665 0.003268302185460925 15
1736739083739 0.003447872120887041 16
1736739083811 0.0034535015001893044 17
1736739083886 0.00346732372418046 18
1736739083959 0.0033146915957331657 19
1736739084033 0.003310700412839651 20
1736739084107 0.003366057062521577 21
1736739084184 0.0032679433934390545 22
1736739084269 0.003328380873426795 23
1736739084341 0.0032745373900979757 24
1736739084420 0.0033094645477831364 25
1736739084497 0.0033821812830865383 26
1736739084573 0.0033146042842417955 27
1736739084651 0.003337897127494216 28
1736739084728 0.00333318579941988 29
1736739084803 0.0033850751351565123 30
1736739084877 0.0033062645234167576 31
1736739084955 0.0032952241599559784 32
1736739085031 0.003241273807361722 33
1736739090169 0.00333551038056612 34
1736739090245 0.0033021175768226385 35
1736739090318 0.003265371546149254 36
1736739090395 0.003358114045113325 37
1736739090474 0.0032524745911359787 38
1736739090549 0.0033366067800670862 39
1736739090627 0.0032742219045758247 40
1736739090715 0.00333280093036592 41
1736739090794 0.003362723160535097 42
1736739090879 0.0034026685170829296 43
1736739090952 0.0032659696880728006 44
1736739091030 0.0033149002119898796 45
1736739091105 0.003304670099169016 46
1736739091178 0.0032717916183173656 47
1736739091250 0.00330419116653502 48
1736739091324 0.003269908018410206 49
1736739091400 0.0032927067950367928 50
1736739091475 0.0033789309673011303 51
1736739091549 0.0033559813164174557 52
1736739091628 0.003220037091523409 53
1736739096727 0.0033507184125483036 54
1736739096806 0.003257195698097348 55
1736739096877 0.00334322452545166 56
1736739096954 0.0032397634349763393 57
1736739097027 0.0033538176212459803 58
1736739097100 0.003286808729171753 59
1736739097177 0.0033085548784583807 60
1736739097254 0.003359380876645446 61
1736739097327 0.003246559062972665 62
1736739097404 0.0033358822111040354 63
1736739097482 0.0032375159207731485 64
1736739097559 0.0032943906262516975 65
1736739097634 0.0032935787457972765 66
1736739097711 0.0032249244395643473 67
1736739097785 0.003356515197083354 68
1736739097860 0.0032883421517908573 69
1736739097936 0.0032994260545819998 70
1736739098014 0.0033450971823185682 71
1736739098089 0.0033021019771695137 72
1736739098166 0.0032679031137377024 73
1736739098242 0.0033493859227746725 74
1736739098315 0.0032847952097654343 75
1736739098388 0.003246009349822998 76
1736739098463 0.003302221419289708 77
1736739098536 0.0032935156486928463 78
1736739098614 0.003268734086304903 79
1736739098687 0.0033534865360707045 80
1736739098759 0.0032505658455193043 81
1736739098833 0.0032393657602369785 82
1736739098906 0.003263846505433321 83
1736739098980 0.0033085905015468597 84
1736739099051 0.0032642679288983345 85
1736739099129 0.003323013661429286 86
1736739099203 0.00331964623183012 87
1736739099273 0.0033611180260777473 88
1736739099344 0.0031801010482013226 89
1736739104419 0.003280396806076169 90
1736739104494 0.0032861419022083282 91
1736739104570 0.003266202751547098 92
1736739104644 0.0032307421788573265 93
1736739104721 0.0032653682865202427 94
1736739104795 0.0032927412539720535 95
1736739104870 0.0033450082410126925 96
1736739104943 0.003282348858192563 97
1736739105020 0.003287847386673093 98
1736739105095 0.003280920907855034 99
1736739105170 0.003271597670391202 100
1736739105250 0.0032173532526940107 101
1736739105324 0.003218194004148245 102
1736739105393 0.00332294381223619 103
1736739105468 0.0033501700963824987 104
1736739105544 0.003351539606228471 105
1736739105618 0.00330709689296782 106
1736739105692 0.0032657759729772806 107
1736739105772 0.0032313282135874033 108
1736739105849 0.00329203181900084 109
1736739105921 0.0031569136772304773 110
1736739110980 0.003223687643185258 111
1736739111048 0.003255481133237481 112
1736739111127 0.0032437641639262438 113
1736739111205 0.003261738922446966 114
1736739111281 0.00335213472135365 115
1736739111357 0.0032647750340402126 116
1736739111429 0.003296592039987445 117
1736739111503 0.003300384385511279 118
1736739111578 0.0033995122648775578 119
1736739111652 0.003187438938766718 120
1736739111726 0.0032894862815737724 121
1736739111804 0.003300594398751855 122
1736739111894 0.0032972441986203194 123
1736739111971 0.00328669510781765 124
1736739112046 0.003289136104285717 125
1736739112121 0.0032507753930985928 126
1736739112200 0.0032522249966859818 127
1736739112277 0.003219255479052663 128
1736739112350 0.0032565579749643803 129
1736739112420 0.0031914538703858852 130
1736739112501 0.0032951785251498222 131
1736739112574 0.0031785224564373493 132
1736739112648 0.0032866238616406918 133
1736739112720 0.0032776508014649153 134
1736739112795 0.0033398533705621958 135
1736739112872 0.0032267658971250057 136
1736739112941 0.0032433185260742903 137
1736739113017 0.0033506727777421474 138
1736739113093 0.0032378309406340122 139
1736739113167 0.0033516816329210997 140
1736739113246 0.0034368811175227165 141
1736739113321 0.0033749560825526714 142
1736739113392 0.003382880473509431 143
1736739113467 0.0033024107106029987 144
1736739113539 0.0032565612345933914 145
1736739113612 0.003332634223625064 146
1736739113685 0.003351757302880287 147
1736739113765 0.0033233112189918756 148
1736739113841 0.003261461155489087 149
1736739113920 0.0033419234678149223 150
1736739113992 0.0031992816366255283 151
1736739114067 0.003292449051514268 152
1736739114154 0.003304553683847189 153
1736739114225 0.0032763686031103134 154
1736739114301 0.003190224291756749 155
1736739114376 0.0034066622611135244 156
1736739114449 0.0032283850014209747 157
1736739114524 0.003316881600767374 158
1736739114598 0.0033436405938118696 159
1736739114676 0.003302405122667551 160
1736739114749 0.0032535081263631582 161
1736739114822 0.0033795523922890425 162
1736739114901 0.0031853150576353073 163
1736739114981 0.003327178070321679 164
1736739115056 0.0033204995561391115 165
1736739115132 0.0033063041046261787 166
1736739115204 0.003468279493972659 167
1736739115281 0.0033068677876144648 168
1736739115357 0.0033346146810799837 169
1736739115430 0.003311930224299431 170
1736739115502 0.003269354347139597 171
1736739115575 0.0033561887685209513 172
1736739115651 0.003326359437778592 173
1736739115724 0.0033457563258707523 174
1736739115803 0.0033359620720148087 175
1736739115881 0.003265439998358488 176
1736739115961 0.0032701115123927593 177
1736739116031 0.0032986588776111603 178
1736739116103 0.0032292697578668594 179
1736739116179 0.0032580408733338118 180
1736739116255 0.0034399668220430613 181
1736739116333 0.00335646141320467 182
1736739116408 0.003220516722649336 183
1736739116480 0.0031859229784458876 184
1736739116557 0.003283024299889803 185
1736739116632 0.003335169982165098 186
1736739116705 0.0032791723497211933 187
1736739116784 0.003332094056531787 188
1736739116856 0.0032517171930521727 189
1736739116933 0.0032149276230484247 190
1736739117006 0.0032685475889593363 191
1736739117080 0.003232790157198906 192
1736739117156 0.003290055552497506 193
1736739117232 0.0032891188748180866 194
1736739117308 0.0033003073185682297 195
1736739117382 0.003318909090012312 196
1736739117458 0.003349198494106531 197
1736739117533 0.003341284114867449 198
1736739117607 0.003345073666423559 199
1736739117684 0.003301547607406974 200
1736739117763 0.0032445003744214773 201
1736739117838 0.0033721597865223885 202
1736739117914 0.003137309802696109 203
1736739123000 0.0033419362735003233 204
1736739123078 0.0032300616148859262 205
1736739123150 0.0033241985365748405 206
1736739123241 0.0032479334622621536 207
1736739123311 0.003354679560288787 208
1736739123391 0.003208193928003311 209
1736739123466 0.003351710271090269 210
1736739123542 0.003388845594599843 211
1736739123617 0.0033220595214515924 212
1736739123697 0.0032383003272116184 213
1736739123770 0.0032691634260118008 214
1736739123844 0.003244140651077032 215
1736739123920 0.0033096703700721264 216
1736739124000 0.003243424464017153 217
1736739124079 0.003304743440821767 218
1736739124153 0.003275705734267831 219
1736739124226 0.0033602328039705753 220
1736739124300 0.0032585766166448593 221
1736739124374 0.0032779420726001263 222
1736739124448 0.0032271184027194977 223
1736739124523 0.0033049501944333315 224
1736739124597 0.003279449651017785 225
1736739124663 0.0033516043331474066 226
1736739124747 0.003303531324490905 227
1736739124823 0.003312026849016547 228
1736739124897 0.0032172552309930325 229
1736739124970 0.0032149956095963717 230
1736739125045 0.0032747117802500725 231
1736739125116 0.0032620816491544247 232
1736739125193 0.0033275296445935965 233
1736739125268 0.00320995319634676 234
1736739125343 0.003258612472563982 235
1736739125418 0.003196776146069169 236
1736739125495 0.003275686874985695 237
1736739125578 0.0033113588578999043 238
1736739125655 0.003326588775962591 239
1736739125748 0.003302783239632845 240
1736739125826 0.0032729769591242075 241
1736739125908 0.0032789886463433504 242
1736739125984 0.003302878700196743 243
1736739126060 0.003275044960901141 244
1736739126148 0.0032501383684575558 245
1736739126228 0.003319228533655405 246
1736739126307 0.003288595238700509 247
1736739126381 0.0032312357798218727 248
1736739126456 0.003234593663364649 249
1736739126527 0.0033240225166082382 250
1736739126602 0.0032226569019258022 251
1736739126676 0.0032150668557733297 252
1736739126756 0.0032696397975087166 253
1736739126830 0.003193934913724661 254
1736739126904 0.0033231626730412245 255
1736739126978 0.0033566567581146955 256
1736739127052 0.0033126533962786198 257
1736739127131 0.0032976828515529633 258
1736739127208 0.003291961271315813 259
1736739127289 0.0032881302759051323 260
1736739127363 0.0032019764184951782 261
1736739127456 0.0033093192614614964 262
1736739127534 0.0032942299731075764 263
1736739127616 0.0032668407075107098 264
1736739127697 0.003248520428314805 265
1736739127774 0.0032366029918193817 266
1736739127848 0.0032865768298506737 267
1736739127923 0.003302758326753974 268
1736739127998 0.003392896382138133 269
1736739128074 0.0032842159271240234 270
1736739128148 0.003307220060378313 271
1736739128220 0.0032517467625439167 272
1736739128294 0.0032338369637727737 273
1736739128368 0.0032146372832357883 274
1736739128441 0.0033176192082464695 275
1736739128517 0.003328187856823206 276
1736739128595 0.003287120023742318 277
1736739128668 0.0033372733741998672 278
1736739128738 0.0032977748196572065 279
1736739128822 0.0032980795949697495 280
1736739128914 0.0033274407032877207 281
1736739128994 0.0032871116418391466 282
1736739129068 0.003290363820269704 283
1736739129144 0.00327289174310863 284
1736739129220 0.0032736794091761112 285
1736739129303 0.0033556674607098103 286
1736739129384 0.0031977761536836624 287
1736739129476 0.003326124744489789 288
1736739129556 0.0033227435778826475 289
1736739129638 0.0032741748727858067 290
1736739129725 0.003329372499138117 291
1736739129807 0.003153611207380891 292
1736739129890 0.0033024614676833153 293
1736739129972 0.003272174159064889 294
1736739130049 0.003285924904048443 295
1736739130122 0.0032909323927015066 296
1736739130197 0.0033697292674332857 297
1736739130271 0.003302420722320676 298
1736739130350 0.0031879295129328966 299
1736739130426 0.0034031725954264402 300
1736739130499 0.0032532440964132547 301
1736739130574 0.0032361492048949003 302
1736739130648 0.0033115975093096495 303
1736739130721 0.003358368529006839 304
1736739130797 0.003287915838882327 305
1736739130871 0.003280308796092868 306
1736739130946 0.003236405085772276 307
1736739131024 0.0034546570386737585 308
1736739131100 0.0033267075195908546 309
1736739131173 0.003324249293655157 310
1736739131250 0.0033127055503427982 311
1736739131324 0.0033208865206688643 312
1736739131400 0.0033266094978898764 313
1736739131478 0.0032860965002328157 314
1736739131550 0.003251821268349886 315
1736739131624 0.0032357124146074057 316
1736739131700 0.003235589014366269 317
1736739131770 0.0032393340952694416 318
1736739131848 0.003430330427363515 319
1736739131924 0.0032819281332194805 320
1736739132002 0.0033491766080260277 321
1736739132074 0.003354976885020733 322
1736739132146 0.0032245484180748463 323
1736739132222 0.0032271563541144133 324
1736739132302 0.003289940068498254 325
1736739132375 0.0033076577819883823 326
1736739132452 0.0032551931217312813 327
1736739132530 0.0033290612045675516 328
1736739132604 0.0032600441481918097 329
1736739132680 0.0033492001239210367 330
1736739132755 0.003315637819468975 331
1736739132832 0.00328442407771945 332
1736739132906 0.003255040617659688 333
1736739132980 0.0032729452941566706 334
1736739133055 0.0033271736465394497 335
1736739133132 0.0033845717553049326 336
1736739133208 0.0033154883421957493 337
1736739133283 0.003333548316732049 338
1736739133355 0.0032153206411749125 339
1736739133434 0.003214683150872588 340
1736739133510 0.003280053846538067 341
1736739133586 0.0033041583374142647 342
1736739133660 0.0032612404320389032 343
1736739133735 0.0033687211107462645 344
1736739133809 0.003329856786876917 345
1736739133882 0.0032532443292438984 346
1736739133954 0.003314580535516143 347
1736739134030 0.003319860203191638 348
1736739134102 0.0033375523053109646 349
1736739134178 0.00321273528970778 350
1736739134256 0.0033317585475742817 351
1736739134331 0.003309905296191573 352
1736739134402 0.0033417840022593737 353
1736739134476 0.003297042101621628 354
1736739134546 0.003325537545606494 355
1736739134624 0.0032776303123682737 356
1736739134701 0.0033162322361022234 357
1736739134775 0.0033528953790664673 358
1736739134851 0.0032763781491667032 359
1736739134925 0.0032863388769328594 360
1736739134997 0.0032785397488623857 361
1736739135071 0.003281207289546728 362
1736739135142 0.0032051275484263897 363
1736739135233 0.0033184061758220196 364
1736739135312 0.003310443600639701 365
1736739135392 0.003276454284787178 366
1736739135482 0.003313579596579075 367
1736739135558 0.0032580478582531214 368
1736739135637 0.0032907179556787014 369
1736739135710 0.0032597454264760017 370
1736739135787 0.0033008786849677563 371
1736739135864 0.0033074389211833477 372
1736739135939 0.0033101181033998728 373
1736739136012 0.0032380882184952497 374
1736739136085 0.003248963039368391 375
1736739136158 0.003312895307317376 376
1736739136231 0.003350786631926894 377
1736739136308 0.0032668926287442446 378
1736739136387 0.003339545102789998 379
1736739136462 0.00327303702943027 380
1736739136537 0.0032728228252381086 381
1736739136616 0.0032383583020418882 382
1736739136688 0.003282218938693404 383
1736739136765 0.003257236210629344 384
1736739136838 0.0033366282004863024 385
1736739136913 0.0032973724883049726 386
1736739136997 0.0032988039311021566 387
1736739137069 0.003258473239839077 388
1736739137144 0.0033496569376438856 389
1736739137217 0.0032218548003584146 390
1736739137293 0.0033011487685143948 391
1736739137370 0.0032903302926570177 392
1736739137445 0.0032465311232954264 393
1736739137518 0.003329202299937606 394
1736739137592 0.0032608823385089636 395
1736739137667 0.0032572243362665176 396
1736739137742 0.0032995969522744417 397
1736739137815 0.0033296672627329826 398
1736739137889 0.0033739639911800623 399
1736739137959 0.0032262932509183884 400
1736739138032 0.003304434008896351 401
1736739138110 0.0033003068529069424 402
1736739138180 0.0032289670780301094 403
1736739138249 0.0033206306397914886 404
1736739138316 0.003260927740484476 405
1736739138396 0.003367670578882098 406
1736739138469 0.003321313764899969 407
1736739138546 0.0033163712359964848 408
1736739138621 0.0033421467524021864 409
1736739138694 0.003251885762438178 410
1736739138767 0.003253636881709099 411
1736739138846 0.003270617453381419 412
1736739138919 0.0033001587726175785 413
1736739138992 0.0032402891665697098 414
1736739139068 0.0032732838299125433 415
1736739139142 0.0032995922956615686 416
1736739139215 0.0032889782451093197 417
1736739139291 0.0033240451011806726 418
1736739139365 0.0033242704812437296 419
1736739139440 0.0032514669001102448 420
1736739139516 0.003242454258725047 421
1736739139586 0.003277003765106201 422
1736739139660 0.003261613892391324 423
1736739139738 0.0033019017428159714 424
1736739139817 0.0033016973175108433 425
1736739139892 0.0032824387308210135 426
1736739139962 0.003338967217132449 427
1736739140036 0.0032317747827619314 428
1736739140114 0.0032557593658566475 429
1736739140188 0.0032790652476251125 430
1736739140259 0.0032632879447191954 431
1736739140335 0.0033182238694280386 432
1736739140407 0.0032945596612989902 433
1736739140482 0.003301938995718956 434
1736739140559 0.0032778966706246138 435
1736739140635 0.003237656317651272 436
1736739140709 0.003248286433517933 437
1736739140784 0.003215381409972906 438
1736739140857 0.0032748342491686344 439
1736739140932 0.0032816631719470024 440
1736739141004 0.003269393229857087 441
1736739141082 0.0032558501698076725 442
1736739141159 0.0032959897071123123 443
1736739141233 0.003244991647079587 444
1736739141311 0.003223596839234233 445
1736739141387 0.0033275210298597813 446
1736739141464 0.0032665773760527372 447
1736739141538 0.0033646768424659967 448
1736739141615 0.003295293776318431 449
1736739141722 0.0032810349948704243 450
1736739141794 0.0032611072529107332 451
1736739141867 0.0033563144970685244 452
1736739141943 0.0033360454253852367 453
1736739142019 0.003267009509727359 454
1736739142094 0.003287691855803132 455
1736739142168 0.0032784552313387394 456
1736739142245 0.0032995520159602165 457
1736739142321 0.0033323841635137796 458
1736739142389 0.0032352174166589975 459
1736739142472 0.003343402175232768 460
1736739142542 0.0033010151237249374 461
1736739142615 0.003267437219619751 462
1736739142690 0.003268221626058221 463
1736739142770 0.003271580208092928 464
1736739142843 0.0032462659291923046 465
1736739142917 0.0032560646068304777 466
1736739142992 0.0033069017808884382 467
1736739143066 0.0033037529792636633 468
1736739143140 0.0032768400851637125 469
1736739143217 0.0032526496797800064 470
1736739143296 0.0033082934096455574 471
1736739143365 0.0032659450080245733 472
1736739143436 0.0032133774366229773 473
1736739143507 0.0032273263204842806 474
1736739143581 0.0032746423967182636 475
1736739143658 0.003363218391314149 476
1736739143733 0.00332103599794209 477
1736739143814 0.0033354307524859905 478
1736739143884 0.0033340773079544306 479
1736739143960 0.0033106550108641386 480
1736739144038 0.003325093537569046 481
1736739144114 0.0033525212202221155 482
1736739144189 0.003252824302762747 483
1736739144266 0.0032709247898310423 484
1736739144341 0.003300720127299428 485
1736739144416 0.0033200376201421022 486
1736739144493 0.0032495607156306505 487
1736739144567 0.0032764985226094723 488
1736739144645 0.0032665168400853872 489
1736739144719 0.0032979645766317844 490
1736739144791 0.0032911361195147038 491
1736739144867 0.0032702034804970026 492
1736739144940 0.003293978050351143 493
1736739145013 0.0033091078512370586 494
1736739145088 0.0031857192516326904 495
1736739145165 0.0032625242602080107 496
1736739145244 0.0032323815394192934 497
1736739145317 0.0032988328021019697 498
1736739145389 0.0032407124526798725 499
1736739145462 0.0033633040729910135 500
1736739145534 0.003314933506771922 501
1736739145609 0.003300244687125087 502
1736739145686 0.0032645491883158684 503
1736739145758 0.003306945553049445 504
1736739145831 0.003284744219854474 505
1736739145911 0.003310358850285411 506
1736739145987 0.003356124274432659 507
1736739146058 0.003230486763641238 508
1736739146132 0.0033049273770302534 509
1736739146209 0.0033915566746145487 510
1736739146282 0.0032781572081148624 511
1736739146355 0.0032269407529383898 512
1736739146429 0.003332589752972126 513
1736739146499 0.003307153470814228 514
1736739146580 0.0032650341745465994 515
1736739146655 0.0032675452530384064 516
1736739146727 0.0033079059794545174 517
1736739146801 0.003199456026777625 518
1736739146883 0.003287474624812603 519
1736739146957 0.0032820277847349644 520
1736739147032 0.003345909994095564 521
1736739147106 0.003287669038400054 522
1736739147179 0.0033055716194212437 523
1736739147251 0.0033309180289506912 524
1736739147327 0.0032629675697535276 525
1736739147405 0.0032152498606592417 526
1736739147481 0.0032767602242529392 527
1736739147551 0.0032540953252464533 528
1736739147626 0.0032923314720392227 529
1736739147699 0.003371946047991514 530
1736739147776 0.0032854201272130013 531
1736739147843 0.0032251852098852396 532
1736739147918 0.003321973839774728 533
1736739148002 0.003354201093316078 534
1736739148082 0.0033359937369823456 535
1736739148158 0.003242405131459236 536
1736739148236 0.0032534629572182894 537
1736739148307 0.003244289429858327 538
1736739148382 0.0032918532378971577 539
1736739148461 0.003278362564742565 540
1736739148543 0.0032655333634465933 541
1736739148621 0.003347755176946521 542
1736739148698 0.003308703191578388 543
1736739148775 0.00324972253292799 544
1736739148849 0.003264238592237234 545
1736739148924 0.003263351507484913 546
1736739148994 0.0033349147997796535 547
1736739149071 0.003267811145633459 548
1736739149145 0.0033106738701462746 549
1736739149212 0.003261344972997904 550
1736739149292 0.003252657363191247 551
1736739149370 0.0032962847035378218 552
1736739149444 0.003299774369224906 553
1736739149523 0.0033682999201118946 554
1736739149600 0.0033551929518580437 555
1736739149676 0.0033027161844074726 556
1736739149752 0.0031919614411890507 557
1736739149823 0.003191546071320772 558
1736739149898 0.003316374495625496 559
1736739149978 0.0033052628859877586 560
1736739150049 0.0032675385009497404 561
1736739150127 0.0032940569799393415 562
1736739150203 0.003268058644607663 563
1736739150280 0.0033050563652068377 564
1736739150351 0.003266595769673586 565
1736739150425 0.003305327845737338 566
1736739150499 0.003263016464188695 567
1736739150564 0.0033424340654164553 568
1736739150640 0.0032921452075242996 569
1736739150716 0.003319029463455081 570
1736739150791 0.003312049200758338 571
1736739150866 0.0033145411871373653 572
1736739150943 0.0033137034624814987 573
1736739151017 0.003270248416811228 574
1736739151096 0.003235677257180214 575
1736739151168 0.003398569067940116 576
1736739151244 0.003246891312301159 577
1736739151323 0.0033102836459875107 578
1736739151396 0.0032260743901133537 579
1736739151473 0.003320861840620637 580
1736739151548 0.0033228634856641293 581
1736739151630 0.003273076144978404 582
1736739151703 0.003241898026317358 583
1736739151776 0.0032811425626277924 584
1736739151854 0.0031773028895258904 585
1736739151926 0.0033038188703358173 586
1736739152002 0.0032831362914294004 587
1736739152075 0.003340452443808317 588
1736739152149 0.0033443928696215153 589
1736739152228 0.003319129114970565 590
1736739152300 0.0032647578045725822 591
1736739152373 0.00326188444159925 592
1736739152446 0.003264885162934661 593
1736739152523 0.003291521919891238 594
1736739152598 0.0033286709804087877 595
1736739152671 0.0032595295924693346 596
1736739152745 0.0033004700671881437 597
1736739152822 0.0033458108082413673 598
1736739152897 0.0032462491653859615 599
