1734329372508 1.8033913961410521 1
1734329386437 0.9951315368652344 2
1734329396253 0.6677893988609314 3
1734329406344 0.5301643033027649 4
1734329416562 0.45845433764457705 5
1734329426611 0.4156652475833893 6
1734329436742 0.3888239933172862 7
1734329446662 0.3651866839726766 8
1734329456719 0.35107932863235475 9
1734329466748 0.33836842206319173 10
1734329477061 0.3279468625863393 11
1734329487026 0.3200738647143046 12
1734329496857 0.3109324963649114 13
1734329507218 0.30312386802832286 14
1734329517298 0.29798153324127197 15
